  73
   0   56   50    3
   0   57   33    1
   0   34   33    1
   0   12   25    1
   1   65   50    3
   1   58   50    4
   1   52   10    1
   1    2   50    1
   1   39   12    1
   2    1   50    1
   2   65   25    3
   2   39   16    1
   2   15   20    2
   2   52   13    1
   2   28   10    4
   2   61   22    2
   3   16   22    1
   3   27   50    1
   3    4   20    1
   3   45   20    2
   4    7   50    1
   4    3   20    1
   4   44   50    2
   4   45   50    2
   4   53   16    1
   5   13   50    1
   5   63   50    6
   6   16   13    1
   6   27   20    1
   6   44   50    2
   6   45   50    2
   6    7   50    1
   7   27   20    1
   7    4   50    1
   7    6   50    1
   7   63   10    3
   8   49   22    1
   8   42   50    1
   8   43   50    1
   8   36   50    1
   9   10   50    1
   9   29   16    4
  10    9   50    1
  10   33   20    4
  10   31   50    4
  10   13   50    1
  10   63   25    6
  11   13   33    1
  11   31   50    4
  12    0   25    1
  12   57   50    1
  12   34   50    1
  12   64   50    2
  13   11   33    1
  13   10   50    1
  13   19   50    4
  13    5   50    1
  13   63   50    6
  14   56   40    1
  14   53   50    3
  14   54   40    4
  15   24   16    1
  15    2   20    2
  15   50   14    1
  15   54   15    1
  16   64   50    3
  16    3   22    1
  16   37   13    1
  16    6   13    1
  16   22   13   29
  16   56   33    3
  17   69   50    3
  17   70   40    3
  18   32   50    3
  18   70   33    3
  19   35   40    1
  19   13   50    4
  19   29   50    1
  20   57   50    2
  20   34   50    2
  20   38   50    1
  21   56   50    3
  21   64   33    3
  21   53   13    1
  21   22   13   29
  21   37   13    1
  22   16   13   29
  22   27   50   29
  22   51   20    1
  22   21   13   29
  23   32   50    3
  23   70   50    3
  24   50   50    1
  24   61   15    1
  24   54   28    1
  24   15   16    1
  25   46   50    1
  25   38   50    2
  26   41   25    3
  26   42   20    3
  26   47   50    1
  27   64   13    3
  27    3   50    1
  27   37   33    1
  27    6   20    1
  27    7   20    1
  27   44   16    2
  27   45   14    2
  27   53    8    1
  27   22   50   29
  27   56   13    3
  28    2   10    4
  28   36    9    3
  28   40   14    1
  28   49    6    3
  28   58   15    1
  28   59   13    3
  28   62    6    4
  29    9   16    4
  29   19   50    1
  29   33   50    1
  30   56   50    4
  30   32   40    1
  30   60   50    3
  30   70   40    1
  31   10   50    4
  31   11   50    4
  32   66   50    1
  32   68   50    1
  32   18   50    3
  32   54   18    4
  32   23   50    3
  32   30   40    1
  33   10   20    4
  33   35   40    1
  33   29   50    1
  34    0   33    1
  34   12   50    1
  34   20   50    2
  35   33   40    1
  35   19   40    1
  35   71   11    6
  36    8   50    1
  36   41   33    1
  36   43   50    1
  36   28    9    3
  37   16   13    1
  37   27   33    1
  37   44   25    2
  37   21   13    1
  37   53    9    1
  38   25   50    2
  38   20   50    1
  39   72   40    4
  39    1   12    1
  39    2   16    1
  39   52   40    1
  39   50   50    2
  40   43   50    3
  40   28   14    1
  40   54   50    3
  41   49   15    1
  41   26   25    3
  41   43   50    1
  41   36   33    1
  42    8   50    1
  42   26   20    3
  43    8   50    1
  43   40   50    3
  43   36   50    1
  43   41   50    1
  43   49   18    1
  44   27   16    2
  44    4   50    2
  44   37   25    2
  44    6   50    2
  44   55   20    2
  45    3   20    2
  45   27   14    2
  45    4   50    2
  45    6   50    2
  46   64   50    2
  46   25   50    1
  47   26   50    1
  47   71   50    3
  48   72   14    1
  48   49   10    4
  48   59   40    4
  49    8   22    1
  49   41   15    1
  49   43   18    1
  49   48   10    4
  49   59   12    1
  49   28    6    3
  50   64   40    3
  50   39   50    2
  50   15   14    1
  50   54   40    1
  50   24   50    1
  50   61   11    1
  51   56   22   31
  51   22   20    1
  52   64   50    2
  52    1   10    1
  52    2   13    1
  52   39   40    1
  52   63   22    5
  53    4   16    1
  53   37    9    1
  53   14   50    3
  53   21   13    1
  53   55   50    1
  53   27    8    1
  54   32   18    4
  54   69   20    4
  54   70   22    4
  54   40   50    3
  54   14   40    4
  54   15   15    1
  54   50   40    1
  54   24   28    1
  54   61   10    1
  55   44   20    2
  55   53   50    1
  56    0   50    3
  56   66   11    4
  56   67   40    4
  56   68   18    4
  56   14   40    1
  56   16   33    3
  56   51   22   31
  56   21   50    3
  56   27   13    3
  56   30   50    4
  57    0   33    1
  57   12   50    1
  57   20   50    2
  58    1   50    4
  58   28   15    1
  58   65   50    5
  59   48   40    4
  59   49   12    1
  59   28   13    3
  60   67   40    3
  60   30   50    3
  61   24   15    1
  61    2   22    2
  61   50   11    1
  61   54   10    1
  62   72   50    1
  62   28    6    4
  62   71   33    1
  63   10   25    6
  63    7   10    3
  63   52   22    5
  63   13   50    6
  63    5   50    6
  64   12   50    2
  64   46   50    2
  64   16   50    3
  64   50   40    3
  64   52   50    2
  64   21   33    3
  64   27   13    3
  65    1   50    3
  65    2   25    3
  65   58   50    5
  66   32   50    1
  66   56   11    4
  67   56   40    4
  67   60   40    3
  67   69   40    1
  67   70   50    1
  68   32   50    1
  68   56   18    4
  69   17   50    3
  69   67   40    1
  69   54   20    4
  70   67   50    1
  70   17   40    3
  70   18   33    3
  70   54   22    4
  70   23   50    3
  70   30   40    1
  71   72   50    1
  71   35   11    6
  71   62   33    1
  71   47   50    3
  72   48   14    1
  72   39   40    4
  72   62   50    1
  72   71   50    1
