 284
   0   83    1    2
   0   84    1    2
   1   83    1    1
   1   84    1    1
   1  166    1    1
   2  228    1    1
   2  202    1    1
   2   45    1    1
   2   14    1    1
   2  144    1    1
   2  255    1    1
   3  193    1    1
   3  182    1    1
   3  118    1    1
   3   37    1    7
   4  208    1    1
   4   59    1    1
   4  283    1    1
   4  134    1    1
   4  209    1    1
   5  260    1    1
   5  134    1   11
   5  136    1    1
   5  265    1    1
   5  267    1    1
   5  142    1    1
   5   16    1    5
   5  275    1    1
   5  276    1    2
   5  149    1    1
   5   23    1   13
   5   24    1    1
   5   27    1    1
   5   29    1    1
   5   35    1    1
   5   37    1    1
   5   39    1    1
   5   41    1    9
   5  171    1    1
   5  180    1    1
   5  137    1    5
   5  189    1    1
   5   62    1    1
   5  279    1    1
   5  197    1    1
   5   75    1    9
   5  207    1    1
   5   80    1    1
   5   81    1    1
   5  219    1    1
   5   97    1    1
   5  109    1   12
   5  240    1    1
   5  117    1    1
   5  118    1    7
   5  249    1    1
   5  251    1    1
   6  256    1    1
   6  281    1    1
   6   42    1    1
   6   43    1    1
   6   55    1    2
   7   68    1   28
   7   69    1   28
   8   90    1    1
   8   67    1    1
   8  239    1    1
   8  187    1    1
   8  141    1    1
   9   70    1    1
   9  177    1    2
   9   10    1    1
   9  140    1    3
   9  272    1    3
   9  241    1    2
   9   90    1    8
   9  223    1    1
  10   70    1    1
  10    9    1    1
  10  141    1    8
  10   77    1    2
  10   17    1    3
  10  223    1    1
  11   16    1    1
  11   83    1    1
  11   84    1    1
  11  166    1    1
  12   66    1    1
  12   59    1    1
  12  134    1    1
  12  208    1    1
  12  209    1    1
  12  279    1   11
  12  283    1    1
  13  256    1    1
  13   42    1    1
  13   43    1    1
  13  173    1    2
  13  246    1    2
  13   55    1    2
  13  281    1    1
  14    2    1    1
  14  228    1    1
  14  138    1    1
  14   45    1    1
  14  109    1    2
  14  175    1    1
  14  144    1    1
  14   82    1    1
  14  244    1    1
  14  246    1    3
  14  202    1    1
  14  255    1    1
  15   89    1    1
  15  252    1    1
  15  253    1    1
  15  273    1    1
  16  258    1    1
  16    5    1    5
  16  166    1    1
  16  135    1    1
  16  137    1    1
  16   11    1    1
  16  204    1    1
  16   34    1    1
  16  206    1    1
  16  239    1    5
  16   83    1    1
  16   84    1    1
  16  187    1    5
  16  159    1   14
  17  253    1   21
  17  194    1    1
  17  227    1    1
  17  100    1    1
  17  169    1    2
  17   10    1    3
  17  140    1    1
  17  109    1    1
  17  205    1    1
  17  272    1    1
  17  243    1    1
  17   20    1    1
  17  212    1    1
  17   89    1   21
  17   56    1    1
  17  196    1    1
  17  266    1    1
  17  124    1    1
  17  221    1    2
  18  123    1    1
  18  261    1    1
  19  201    1    1
  19  242    1    5
  19  185    1    3
  20   17    1    1
  20  243    1    1
  20  109    1    1
  21   89    1    1
  21  252    1    1
  21  253    1    1
  21  273    1    1
  22   89    1    1
  22  252    1    1
  22  253    1    1
  22  273    1    1
  23  260    1   13
  23    5    1   13
  23  136    1   13
  23  265    1   13
  23  267    1   13
  23  142    1   13
  23  275    1   13
  23  279    1   13
  23   24    1   13
  23   27    1   13
  23   29    1   13
  23   35    1   13
  23   37    1   13
  23   39    1   13
  23  171    1   13
  23  180    1   13
  23   59    1   21
  23  188    1    9
  23  189    1   13
  23   62    1   13
  23   67    1    7
  23  196    1    2
  23  197    1   13
  23  207    1   13
  23   81    1   13
  23   83    1   10
  23  219    1   13
  23   97    1   13
  23  240    1   13
  23  117    1   13
  23  251    1   13
  24    5    1    1
  24   23    1   13
  24   29    1    1
  24  149    1    1
  24  279    1    1
  25   96    1    1
  25   65    1    1
  25  132    1    1
  25  140    1    7
  25  239    1    3
  25  272    1    7
  25  150    1    1
  25   57    1    1
  25   60    1    1
  25   31    1    1
  26  116    1    1
  26  254    1    1
  26   63    1    1
  27    5    1    1
  27   23    1   13
  27  149    1    1
  27  278    1   11
  27  279    1    1
  27  249    1    1
  27   29    1    1
  28   55    1    1
  28   87    1    1
  29  260    1    1
  29    5    1    1
  29  136    1    1
  29  267    1    1
  29  142    1    1
  29  275    1    1
  29  149    1    1
  29  279    1    1
  29   24    1    1
  29   27    1    1
  29   35    1    1
  29   37    1    1
  29   39    1    1
  29  171    1    1
  29  180    1    1
  29   23    1   13
  29  187    1    8
  29  189    1    1
  29   62    1    1
  29  193    1    7
  29   66    1   11
  29  197    1    1
  29  198    1    1
  29  207    1    1
  29   81    1    1
  29   83    1    5
  29   84    1    5
  29  215    1    1
  29  219    1    1
  29   97    1    1
  29  209    1   11
  29  240    1    1
  29  117    1    1
  29  250    1    1
  29  251    1    1
  30   66    1    1
  30   59    1    1
  30  134    1    1
  30  208    1    1
  30  209    1    1
  30  283    1    1
  31   96    1    1
  31   65    1    1
  31  132    1    1
  31  212    1    7
  31  150    1    1
  31   25    1    1
  31   57    1    1
  31   90    1    3
  31  187    1    3
  31   60    1    1
  32  133    1    1
  32  134    1    4
  32  274    1    1
  32  116    1    7
  32  151    1    1
  32   89    1    2
  32  154    1    1
  32  253    1    2
  33  252    1   44
  33  170    1   16
  33   68    1    1
  34   16    1    1
  34   83    1    1
  34   84    1    1
  34  166    1    1
  35    5    1    1
  35   23    1   13
  35   29    1    1
  35  149    1    1
  35  279    1    1
  36   40    1    4
  36  210    1   33
  36  178    1    1
  36   98    1    3
  37    3    1    7
  37    5    1    1
  37   23    1   13
  37  149    1    1
  37  214    1    8
  37  279    1    1
  37   29    1    1
  38  181    1    1
  38  165    1    2
  39    5    1    1
  39   23    1   13
  39   29    1    1
  39  149    1    1
  39  279    1    1
  40  130    1    1
  40   36    1    4
  41  192    1    1
  41  161    1    1
  41    5    1    9
  41  156    1    5
  41  110    1    1
  41   47    1    1
  41  118    1    5
  41  188    1    1
  42  229    1    1
  42    6    1    1
  42   13    1    1
  42   46    1    1
  42   48    1    1
  42  213    1    1
  42  119    1    1
  43  229    1    1
  43    6    1    1
  43   13    1    1
  43   46    1    1
  43   48    1    1
  43  213    1    1
  43  119    1    1
  43  248    1    1
  44  128    1    3
  44  145    1   29
  44  146    1   29
  44   61    1   30
  45    2    1    1
  45  228    1    1
  45  138    1    1
  45  141    1    7
  45   14    1    1
  45  144    1    1
  45  210    1    2
  45  244    1    1
  45   82    1    1
  45  118    1    8
  45  202    1    1
  45  255    1    1
  45  221    1    1
  45   53    1    1
  46  256    1    1
  46   42    1    1
  46   43    1    1
  46  173    1    2
  46  246    1    2
  46   55    1    2
  46  281    1    1
  47   41    1    1
  47   75    1    1
  47  188    1    1
  47  110    1    1
  48  256    1    1
  48   42    1    1
  48   43    1    1
  48  173    1    2
  48  246    1    2
  48   55    1    2
  48  281    1    1
  49  243    1    1
  49  109    1    1
  50  128    1    3
  50  185    1    1
  50  146    1   29
  50   61    1   30
  51   90    1    1
  51   67    1    1
  51  239    1    1
  51  187    1    1
  51  141    1    1
  52   89    1    1
  52  252    1    1
  52  253    1    1
  52  273    1    1
  53  211    1    1
  53   45    1    1
  54   67    1    1
  54   90    1    1
  54  187    1    1
  54  141    1    1
  54  239    1    1
  55  129    1    1
  55    6    1    2
  55  139    1    1
  55   13    1    2
  55  151    1   21
  55   28    1    1
  55  158    1    1
  55  163    1    1
  55  169    1    1
  55  173    1    1
  55   46    1    2
  55   48    1    2
  55  193    1    6
  55  196    1    2
  55   73    1    1
  55  119    1    2
  55  248    1    2
  55  213    1    2
  55   87    1    1
  55  229    1    2
  55  102    1    2
  55  105    1    1
  55  107    1    1
  55  247    1    1
  55  120    1    1
  56   17    1    1
  56  243    1    1
  56  109    1    1
  57   25    1    1
  57   31    1    1
  58  133    1    1
  58   79    1    1
  59  224    1    1
  59  149    1   11
  59   66    1    1
  59  259    1    1
  59    4    1    1
  59  263    1    1
  59  264    1    1
  59  235    1    1
  59   12    1    1
  59  143    1    1
  59  208    1    1
  59  209    1    1
  59  114    1    1
  59   85    1    1
  59   23    1   21
  59   72    1    1
  59  152    1    1
  59  283    1    1
  59  151    1    4
  59   30    1    1
  59  277    1    1
  60   25    1    1
  60   31    1    1
  61   44    1   30
  61   50    1   30
  61  228    1    2
  61  210    1    1
  61  246    1    3
  62    5    1    1
  62   23    1   13
  62   29    1    1
  62  149    1    1
  62  279    1    1
  63   26    1    1
  63  116    1    1
  63  254    1    1
  64  179    1    1
  64  220    1    1
  64  187    1   15
  64  254    1    2
  64  159    1    1
  65   25    1    1
  65   78    1   16
  65   31    1    1
  66  259    1    1
  66  133    1    4
  66  134    1    1
  66  263    1    1
  66  264    1    1
  66   12    1    1
  66  143    1    1
  66  279    1   11
  66  152    1    1
  66   29    1   11
  66   30    1    1
  66   59    1    1
  66   71    1    1
  66   72    1    1
  66   74    1    1
  66  208    1    1
  66  209    1    1
  66   85    1    1
  66  215    1   11
  66   92    1   22
  66  224    1    1
  66  112    1    1
  66  114    1    1
  67  162    1    1
  67   54    1    1
  67    8    1    1
  67  122    1    1
  67  236    1    1
  67  141    1    1
  67  237    1    1
  67  176    1    1
  67  113    1    1
  67   51    1    1
  67  121    1    1
  67  149    1    8
  67  214    1    1
  67   23    1    7
  67   88    1    1
  67  153    1    1
  67   90    1    1
  67  187    1    1
  67  200    1    1
  67  157    1    1
  67  127    1    1
  68   33    1    1
  68   69    1    1
  68    7    1   28
  68  170    1   16
  68  116    1   40
  68  254    1   40
  69   68    1    1
  69  252    1   44
  69    7    1   28
  70    9    1    1
  70   10    1    1
  70  127    1    8
  71  208    1    1
  71  209    1    1
  71   66    1    1
  72   66    1    1
  72   59    1    1
  72  134    1    1
  72  208    1    1
  72  209    1    1
  72  283    1    1
  73  173    1    1
  73  246    1    1
  73   55    1    1
  74  208    1    1
  74  209    1    1
  74   66    1    1
  75  192    1    1
  75  161    1    1
  75    5    1    9
  75  156    1    5
  75  110    1    1
  75   47    1    1
  75  118    1    5
  75  188    1    1
  76  141    1    1
  76  239    1    1
  77  241    1    1
  77   10    1    2
  78   65    1   16
  78  254    1    1
  79  273    1    2
  79   58    1    1
  79  133    1    1
  79  154    1    1
  79  151    1    1
  80    5    1    1
  80  279    1    1
  81    5    1    1
  81   23    1   13
  81   29    1    1
  81  149    1    1
  81  279    1    1
  82  120    1    3
  82  228    1    1
  82   45    1    1
  82   14    1    1
  82  255    1    1
  83    0    1    2
  83    1    1    1
  83   34    1    1
  83  166    1    1
  83  135    1    1
  83  137    1    1
  83   11    1    1
  83  258    1    1
  83  206    1    1
  83   16    1    1
  83  212    1   10
  83  149    1    5
  83   23    1   10
  83   29    1    5
  84    0    1    2
  84    1    1    1
  84   34    1    1
  84  166    1    1
  84  135    1    1
  84  137    1    1
  84   11    1    1
  84  258    1    1
  84  206    1    1
  84   16    1    1
  84  212    1   10
  84   29    1    5
  85   66    1    1
  85   59    1    1
  85  134    1    1
  85  208    1    1
  85  209    1    1
  85  283    1    1
  86   89    1    1
  86  252    1    1
  86  253    1    1
  86  273    1    1
  87  160    1    2
  87  169    1    1
  87  270    1    1
  87  246    1    1
  87   55    1    1
  87  120    1    1
  87   28    1    1
  88   67    1    1
  88  141    1    1
  88  239    1    1
  88   90    1    1
  88  187    1    1
  88  127    1    1
  89   32    1    2
  89  225    1    1
  89  226    1    1
  89  131    1    2
  89   22    1    1
  89  262    1    1
  89  257    1    1
  89  172    1    1
  89  234    1    1
  89  108    1    1
  89   15    1    1
  89   17    1   21
  89  273    1    1
  89   52    1    1
  89   21    1    1
  89   86    1    1
  89  217    1    1
  89   90    1   16
  89  282    1    1
  90    8    1    1
  90    9    1    8
  90  279    1    8
  90  153    1    1
  90  157    1    1
  90   31    1    3
  90  162    1    1
  90  176    1    1
  90   51    1    1
  90   54    1    1
  90  187    1    1
  90   67    1    1
  90  200    1    1
  90  214    1    1
  90   88    1    1
  90   89    1   16
  90  236    1    1
  90  237    1    1
  90  239    1    1
  90  113    1    1
  90  121    1    1
  90  122    1    1
  90  253    1   16
  90  127    1    1
  91  193    1    1
  91  156    1    1
  91  118    1    1
  92   66    1   22
  92  233    1    1
  92  208    1   22
  92  273    1   21
  92  218    1    1
  92  222    1    1
  93  242    1    1
  93  271    1    4
  94  164    1    1
  94  254    1   64
  95  273    1    2
  95  131    1    1
  96   25    1    1
  96   31    1    1
  97    5    1    1
  97   23    1   13
  97   29    1    1
  97  149    1    1
  97  279    1    1
  98   36    1    3
  98  181    1    3
  98  111    1    1
  99  273    1   62
  99  164    1    1
  99  252    1   62
 100   17    1    1
 100  243    1    1
 100  109    1    1
 101  193    1    1
 101  156    1    1
 101  118    1    1
 102   55    1    2
 102  103    1    1
 103  102    1    1
 103  246    1    2
 104  193    1    1
 104  156    1    1
 104  118    1    1
 105  173    1    1
 105  246    1    1
 105   55    1    1
 106  123    1    1
 106  261    1    1
 107  173    1    1
 107  246    1    1
 107   55    1    1
 108   89    1    1
 108  252    1    1
 108  253    1    1
 108  273    1    1
 109  212    1    1
 109  194    1    1
 109  227    1    1
 109  100    1    1
 109    5    1   12
 109  273    1   21
 109  266    1    1
 109  205    1    1
 109   14    1    2
 109   49    1    1
 109  243    1    1
 109   20    1    1
 109   17    1    1
 109   56    1    1
 109  196    1    1
 109  124    1    1
 109  255    1    2
 110  192    1    1
 110  193    1    5
 110   41    1    1
 110   75    1    1
 110   47    1    1
 110  188    1    1
 111   98    1    1
 111  178    1    3
 111  271    1    4
 112  209    1    1
 112   66    1    1
 113   67    1    1
 113  141    1    1
 113  239    1    1
 113   90    1    1
 113  187    1    1
 113  127    1    1
 114   66    1    1
 114   59    1    1
 114  134    1    1
 114  208    1    1
 114  209    1    1
 114  283    1    1
 115  186    1   29
 115  228    1    1
 115  175    1    1
 116   32    1    7
 116   68    1   40
 116   26    1    1
 116  123    1    9
 116  254    1    1
 116   63    1    1
 117    5    1    1
 117   23    1   13
 117   29    1    1
 117  149    1    1
 117  279    1    1
 118  193    1    1
 118    3    1    1
 118    5    1    7
 118  231    1    1
 118  104    1    1
 118   41    1    5
 118   75    1    5
 118  268    1    1
 118   45    1    8
 118  173    1    6
 118  141    1    6
 118  168    1    1
 118  245    1    1
 118  280    1    1
 118   91    1    1
 118  156    1    1
 118  125    1    1
 118  126    1    1
 118  101    1    1
 119  256    1    1
 119   42    1    1
 119   43    1    1
 119  173    1    2
 119  246    1    2
 119   55    1    2
 120   55    1    1
 120  173    1    1
 120  270    1    1
 120   82    1    3
 120  246    1    1
 120   87    1    1
 120  156    1    6
 121   67    1    1
 121  141    1    1
 121  239    1    1
 121   90    1    1
 121  187    1    1
 121  127    1    1
 122   67    1    1
 122   90    1    1
 122  187    1    1
 122  141    1    1
 122  239    1    1
 123  261    1    1
 123  232    1    1
 123  106    1    1
 123  141    1    9
 123  174    1    1
 123  269    1    1
 123   18    1    1
 123  116    1    9
 123  279    1    7
 123  155    1    1
 123  254    1    9
 123  191    1    1
 124   17    1    1
 124  243    1    1
 124  109    1    1
 125  193    1    1
 125  156    1    1
 125  118    1    1
 126  216    1    6
 126  193    1    1
 126  219    1    7
 126  156    1    1
 126  118    1    1
 127   67    1    1
 127   70    1    8
 127  141    1    1
 127  239    1    1
 127  176    1    1
 127  113    1    1
 127   88    1    1
 127  121    1    1
 127   90    1    1
 127  187    1    1
 127  157    1    1
 128  185    1    3
 128   50    1    3
 128   44    1    3
 128  165    1    1
 129  173    1    1
 129  246    1    1
 129   55    1    1
 130   40    1    1
 130  178    1    4
 131   89    1    2
 131  253    1    2
 131   95    1    1
 132   25    1    1
 132   31    1    1
 133   32    1    1
 133   66    1    4
 133  173    1   21
 133   79    1    1
 133  209    1    4
 133  274    1    1
 133  151    1    1
 133   58    1    1
 133  239    1   16
 133  154    1    1
 133  254    1    7
 134   32    1    4
 134  224    1    1
 134   66    1    1
 134  259    1    1
 134    4    1    1
 134    5    1   11
 134  263    1    1
 134   72    1    1
 134   30    1    1
 134  235    1    1
 134   12    1    1
 134  143    1    1
 134  208    1    1
 134  209    1    1
 134  114    1    1
 134   85    1    1
 134  152    1    1
 134  283    1    1
 134  264    1    1
 135   16    1    1
 135   83    1    1
 135   84    1    1
 135  166    1    1
 135  219    1    5
 136    5    1    1
 136   23    1   13
 136   29    1    1
 136  149    1    1
 136  279    1    1
 137    5    1    5
 137  166    1    1
 137  206    1    1
 137   16    1    1
 137   83    1    1
 137   84    1    1
 138  228    1    1
 138   45    1    1
 138   14    1    1
 138  255    1    1
 139  173    1    1
 139  246    1    1
 139   55    1    1
 140    9    1    3
 140   17    1    1
 140   25    1    7
 141  261    1    9
 141    8    1    1
 141   10    1    8
 141   88    1    1
 141  279    1    8
 141  153    1    1
 141  157    1    1
 141  162    1    1
 141   45    1    7
 141  176    1    1
 141   51    1    1
 141   54    1    1
 141  187    1    1
 141   67    1    1
 141  199    1    1
 141  200    1    1
 141   76    1    1
 141  214    1    1
 141  216    1    1
 141  230    1    1
 141  236    1    1
 141  237    1    1
 141  239    1    1
 141  113    1    1
 141  118    1    6
 141  121    1    1
 141  122    1    1
 141  123    1    9
 141  127    1    1
 142    5    1    1
 142   23    1   13
 142   29    1    1
 142  149    1    1
 142  279    1    1
 143   66    1    1
 143   59    1    1
 143  134    1    1
 143  208    1    1
 143  209    1    1
 143  283    1    1
 144    2    1    1
 144  228    1    1
 144   45    1    1
 144   14    1    1
 144  255    1    1
 145   44    1   29
 145  228    1    1
 145  175    1    1
 146   44    1   29
 146   50    1   29
 146  228    1    1
 147  148    1    1
 147  221    1    1
 147  255    1    1
 148  147    1    1
 148  221    1    1
 148  255    1    1
 149  260    1    1
 149    5    1    1
 149  136    1    1
 149  265    1    1
 149  267    1    1
 149  142    1    1
 149  275    1    1
 149  279    1    1
 149   24    1    1
 149   27    1    1
 149   29    1    1
 149   35    1    1
 149   37    1    1
 149   39    1    1
 149  171    1    1
 149  180    1    1
 149   59    1   11
 149  188    1    9
 149  189    1    1
 149   62    1    1
 149   67    1    8
 149  196    1   12
 149  197    1    1
 149  207    1    1
 149   81    1    1
 149   83    1    5
 149  219    1    1
 149   97    1    1
 149  240    1    1
 149  117    1    1
 149  251    1    1
 150   25    1    1
 150   31    1    1
 151   32    1    1
 151  133    1    1
 151   79    1    1
 151  208    1    4
 151  273    1    2
 151   55    1   21
 151   59    1    4
 152   66    1    1
 152   59    1    1
 152  134    1    1
 152  208    1    1
 152  209    1    1
 152  283    1    1
 153   67    1    1
 153   90    1    1
 153  187    1    1
 153  141    1    1
 153  239    1    1
 154   32    1    1
 154  133    1    1
 154   79    1    1
 154  208    1    4
 154  279    1   13
 154  252    1    2
 155  123    1    1
 155  261    1    1
 156  193    1    1
 156  101    1    1
 156  231    1    1
 156  104    1    1
 156   41    1    5
 156   75    1    5
 156  268    1    1
 156  168    1    1
 156  245    1    1
 156  118    1    1
 156  280    1    1
 156  120    1    6
 156   91    1    1
 156  125    1    1
 156  126    1    1
 157   67    1    1
 157  141    1    1
 157  239    1    1
 157   90    1    1
 157  187    1    1
 157  127    1    1
 158  173    1    1
 158  246    1    1
 158   55    1    1
 159   16    1   14
 159   64    1    1
 159  179    1    1
 159  220    1    1
 159  254    1    2
 160  270    1    2
 160   87    1    2
 161   41    1    1
 161   75    1    1
 162   67    1    1
 162   90    1    1
 162  187    1    1
 162  141    1    1
 162  239    1    1
 163  173    1    1
 163  246    1    1
 163   55    1    1
 164   99    1    1
 164   94    1    1
 165  128    1    1
 165   38    1    2
 166    1    1    1
 166   34    1    1
 166  135    1    1
 166  137    1    1
 166   11    1    1
 166  204    1    1
 166  258    1    1
 166  206    1    1
 166   16    1    1
 166  243    1   10
 166   84    1    1
 166  279    1    5
 166   83    1    1
 167  201    1    4
 167  271    1    1
 168  193    1    1
 168  156    1    1
 168  118    1    1
 169   17    1    2
 169   55    1    1
 169  173    1    1
 169  246    1    1
 169   87    1    1
 170   33    1   16
 170   68    1   16
 170  238    1    1
 171    5    1    1
 171   23    1   13
 171   29    1    1
 171  149    1    1
 171  279    1    1
 172   89    1    1
 172  252    1    1
 172  253    1    1
 172  273    1    1
 173  129    1    1
 173  133    1   21
 173  139    1    1
 173   13    1    2
 173  270    1    1
 173  278    1    1
 173  158    1    1
 173  163    1    1
 173  169    1    1
 173   46    1    2
 173   48    1    2
 173   55    1    1
 173   73    1    1
 173  203    1    1
 173  248    1    2
 173  210    1    3
 173  213    1    2
 173  228    1    3
 173  229    1    2
 173  105    1    1
 173  107    1    1
 173  118    1    6
 173  247    1    1
 173  120    1    1
 173  119    1    2
 173  255    1    3
 174  123    1    1
 174  261    1    1
 175  228    1    1
 175  211    1    1
 175  145    1    1
 175   14    1    1
 175  177    1    1
 175  115    1    1
 175  183    1    1
 175  184    1    1
 175  221    1    1
 176   67    1    1
 176  141    1    1
 176  239    1    1
 176   90    1    1
 176  187    1    1
 176  127    1    1
 177  228    1    1
 177    9    1    2
 177  175    1    1
 177  211    1    1
 177  221    1    1
 177  255    1    1
 178  185    1    6
 178  130    1    4
 178   36    1    1
 178  111    1    3
 179   64    1    1
 179  159    1    1
 180    5    1    1
 180   23    1   13
 180   29    1    1
 180  149    1    1
 180  279    1    1
 181   98    1    3
 181   38    1    1
 182  193    1    1
 182    3    1    1
 183  228    1    1
 183  175    1    1
 184  228    1    1
 184  175    1    1
 185  128    1    3
 185   50    1    1
 185   19    1    3
 185  178    1    6
 185  186    1    1
 186  185    1    1
 186  115    1   29
 187  261    1    9
 187    8    1    1
 187  141    1    1
 187   16    1    5
 187  279    1    8
 187  153    1    1
 187   29    1    8
 187   31    1    3
 187  162    1    1
 187  157    1    1
 187  176    1    1
 187   51    1    1
 187   54    1    1
 187   64    1   15
 187   67    1    1
 187  200    1    1
 187  214    1    1
 187   88    1    1
 187   90    1    1
 187  228    1    7
 187  236    1    1
 187  237    1    1
 187  239    1    1
 187  113    1    1
 187  121    1    1
 187  122    1    1
 187  127    1    1
 187  255    1    7
 188  192    1    1
 188   41    1    1
 188   75    1    1
 188  110    1    1
 188   47    1    1
 188  149    1    9
 188   23    1    9
 189    5    1    1
 189   23    1   13
 189   29    1    1
 189  149    1    1
 189  279    1    1
 190  216    1    1
 190  239    1    1
 191  123    1    1
 191  261    1    1
 192   41    1    1
 192   75    1    1
 192  188    1    1
 192  110    1    1
 192  268    1    5
 193    3    1    1
 193  228    1    8
 193  101    1    1
 193  231    1    1
 193  104    1    1
 193  268    1    1
 193  110    1    5
 193  239    1    6
 193  168    1    1
 193   29    1    7
 193  245    1    1
 193  118    1    1
 193   55    1    6
 193  280    1    1
 193   91    1    1
 193  156    1    1
 193  125    1    1
 193  126    1    1
 193  182    1    1
 194   17    1    1
 194  243    1    1
 194  109    1    1
 195  273    1    1
 195  252    1    1
 196   55    1    2
 196  109    1    1
 196  272    1    1
 196   17    1    1
 196  212    1    1
 196  149    1   12
 196   23    1    2
 197    5    1    1
 197   23    1   13
 197   29    1    1
 197  149    1    1
 197  279    1    1
 198   29    1    1
 198  279    1    1
 199  141    1    1
 199  239    1    1
 200   67    1    1
 200   90    1    1
 200  187    1    1
 200  141    1    1
 200  239    1    1
 201   19    1    1
 201  167    1    4
 202    2    1    1
 202  228    1    1
 202   45    1    1
 202   14    1    1
 202  255    1    1
 203  173    1    1
 203  246    1    1
 204   16    1    1
 204  166    1    1
 205   17    1    1
 205  243    1    1
 205  109    1    1
 206   16    1    1
 206  137    1    1
 206   83    1    1
 206   84    1    1
 206  166    1    1
 207    5    1    1
 207   23    1   13
 207   29    1    1
 207  149    1    1
 207  279    1    1
 208  259    1    1
 208    4    1    1
 208  134    1    1
 208  263    1    1
 208  264    1    1
 208  279    1   11
 208   12    1    1
 208  143    1    1
 208  277    1    1
 208  151    1    4
 208  152    1    1
 208  260    1   11
 208  154    1    4
 208  283    1    1
 208   30    1    1
 208   59    1    1
 208   66    1    1
 208   71    1    1
 208   72    1    1
 208   74    1    1
 208  209    1    1
 208   85    1    1
 208  215    1   11
 208  218    1   22
 208   92    1   22
 208  224    1    1
 208  235    1    1
 208  114    1    1
 209  259    1    1
 209    4    1    1
 209  133    1    4
 209  134    1    1
 209  263    1    1
 209  264    1    1
 209   12    1    1
 209  143    1    1
 209  279    1   11
 209  152    1    1
 209  283    1    1
 209   29    1   11
 209   30    1    1
 209   59    1    1
 209   66    1    1
 209   71    1    1
 209   72    1    1
 209   74    1    1
 209  208    1    1
 209   85    1    1
 209  218    1   22
 209  224    1    1
 209  235    1    1
 209  112    1    1
 209  114    1    1
 210   61    1    1
 210   36    1   33
 210  173    1    3
 210   45    1    2
 211  177    1    1
 211  175    1    1
 211  221    1    1
 211  246    1    3
 211   53    1    1
 212  196    1    1
 212  109    1    1
 212  272    1    1
 212   17    1    1
 212   83    1   10
 212   84    1   10
 212   31    1    7
 213  256    1    1
 213   42    1    1
 213   43    1    1
 213  173    1    2
 213  246    1    2
 213   55    1    2
 213  281    1    1
 214   67    1    1
 214   37    1    8
 214  141    1    1
 214  239    1    1
 214  187    1    1
 214  279    1    8
 214   90    1    1
 214  219    1    8
 215  208    1   11
 215   66    1   11
 215   29    1    1
 216  141    1    1
 216  126    1    6
 216  190    1    1
 217   89    1    1
 217  252    1    1
 217  253    1    1
 217  273    1    1
 218  209    1   22
 218  233    1    1
 218  208    1   22
 218  273    1   21
 218   92    1    1
 218  252    1   21
 218  253    1   21
 218  222    1    1
 219    5    1    1
 219  135    1    5
 219  279    1    1
 219  149    1    1
 219  214    1    8
 219   23    1   13
 219   29    1    1
 219  126    1    7
 220   64    1    1
 220  159    1    1
 221  211    1    1
 221   17    1    2
 221   45    1    1
 221  175    1    1
 221  177    1    1
 221  147    1    1
 221  148    1    1
 221  239    1    7
 221  255    1    1
 222  218    1    1
 222   92    1    1
 223    9    1    1
 223   10    1    1
 224   66    1    1
 224   59    1    1
 224  134    1    1
 224  208    1    1
 224  209    1    1
 224  283    1    1
 225   89    1    1
 225  252    1    1
 225  253    1    1
 225  273    1    1
 226   89    1    1
 226  252    1    1
 226  253    1    1
 226  273    1    1
 227   17    1    1
 227  243    1    1
 227  109    1    1
 228  193    1    8
 228    2    1    1
 228  115    1    1
 228   82    1    1
 228  145    1    1
 228  138    1    1
 228  175    1    1
 228   45    1    1
 228   14    1    1
 228  173    1    3
 228  144    1    1
 228  177    1    1
 228  146    1    1
 228  243    1    2
 228  244    1    1
 228  183    1    1
 228  184    1    1
 228   61    1    2
 228  187    1    7
 228  202    1    1
 229  256    1    1
 229   42    1    1
 229   43    1    1
 229  173    1    2
 229  246    1    2
 229   55    1    2
 229  281    1    1
 230  141    1    1
 230  239    1    1
 231  193    1    1
 231  156    1    1
 231  118    1    1
 232  123    1    1
 232  261    1    1
 233  218    1    1
 233   92    1    1
 234   89    1    1
 234  252    1    1
 234  253    1    1
 234  273    1    1
 235  208    1    1
 235  209    1    1
 235   59    1    1
 235  134    1    1
 235  283    1    1
 236   67    1    1
 236   90    1    1
 236  187    1    1
 236  141    1    1
 236  239    1    1
 237   67    1    1
 237  141    1    1
 237  239    1    1
 237  279    1    8
 237   90    1    1
 237  187    1    1
 238  273    1   57
 238  170    1    1
 239  133    1   16
 239    8    1    1
 239  141    1    1
 239   16    1    5
 239  279    1    8
 239   25    1    3
 239  157    1    1
 239  261    1    9
 239  162    1    1
 239  176    1    1
 239   51    1    1
 239   54    1    1
 239  187    1    1
 239  190    1    1
 239  193    1    6
 239  199    1    1
 239  200    1    1
 239   76    1    1
 239  214    1    1
 239   88    1    1
 239   90    1    1
 239  221    1    7
 239  230    1    1
 239  236    1    1
 239  237    1    1
 239  113    1    1
 239  153    1    1
 239  121    1    1
 239  122    1    1
 239  127    1    1
 240    5    1    1
 240   23    1   13
 240   29    1    1
 240  149    1    1
 240  279    1    1
 241    9    1    2
 241   77    1    1
 242   19    1    5
 242   93    1    1
 243  194    1    1
 243  227    1    1
 243  100    1    1
 243  166    1   10
 243   17    1    1
 243  124    1    1
 243  266    1    1
 243  109    1    1
 243  205    1    1
 243  272    1    1
 243   49    1    1
 243   20    1    1
 243   56    1    1
 243  228    1    2
 243  252    1   21
 244  228    1    1
 244   45    1    1
 244   14    1    1
 244  255    1    1
 245  193    1    1
 245  156    1    1
 245  118    1    1
 246  129    1    1
 246  139    1    1
 246   13    1    2
 246   14    1    3
 246  158    1    1
 246  163    1    1
 246  169    1    1
 246   46    1    2
 246   48    1    2
 246   61    1    3
 246   73    1    1
 246  203    1    1
 246  248    1    2
 246  211    1    3
 246  270    1    1
 246   87    1    1
 246  229    1    2
 246  103    1    2
 246  105    1    1
 246  107    1    1
 246  119    1    2
 246  120    1    1
 246  247    1    1
 246  213    1    2
 247  173    1    1
 247  246    1    1
 247   55    1    1
 248  256    1    1
 248   43    1    1
 248  173    1    2
 248  246    1    2
 248   55    1    2
 249   27    1    1
 249    5    1    1
 249  279    1    1
 250   29    1    1
 250  279    1    1
 251    5    1    1
 251   23    1   13
 251   29    1    1
 251  149    1    1
 251  279    1    1
 252  225    1    1
 252  226    1    1
 252   99    1   62
 252   69    1   44
 252  195    1    1
 252   33    1   44
 252  108    1    1
 252  234    1    1
 252  172    1    1
 252   15    1    1
 252  273    1    1
 252  243    1   21
 252   52    1    1
 252   21    1    1
 252   22    1    1
 252  218    1   21
 252  217    1    1
 252  154    1    2
 252   86    1    1
 252  257    1    1
 253   32    1    2
 253  225    1    1
 253  226    1    1
 253  131    1    2
 253   22    1    1
 253  262    1    1
 253  257    1    1
 253  108    1    1
 253  234    1    1
 253  172    1    1
 253   15    1    1
 253   90    1   16
 253   17    1   21
 253   52    1    1
 253   21    1    1
 253   86    1    1
 253  218    1   21
 253  217    1    1
 253  282    1    1
 253  273    1    1
 254   64    1    2
 254   68    1   40
 254  133    1    7
 254   63    1    1
 254   78    1    1
 254  116    1    1
 254  261    1    9
 254   26    1    1
 254  123    1    9
 254   94    1   64
 254  159    1    2
 255    2    1    1
 255  138    1    1
 255   45    1    1
 255   14    1    1
 255  109    1    2
 255  144    1    1
 255  177    1    1
 255   82    1    1
 255  147    1    1
 255  148    1    1
 255  173    1    3
 255  202    1    1
 255  244    1    1
 255  187    1    7
 255  221    1    1
 256  229    1    1
 256    6    1    1
 256   13    1    1
 256   46    1    1
 256   48    1    1
 256  213    1    1
 256  119    1    1
 256  248    1    1
 257  264    1    4
 257   89    1    1
 257  252    1    1
 257  253    1    1
 257  273    1    1
 258   16    1    1
 258   83    1    1
 258   84    1    1
 258  166    1    1
 259   66    1    1
 259   59    1    1
 259  134    1    1
 259  208    1    1
 259  209    1    1
 259  283    1    1
 260    5    1    1
 260   23    1   13
 260  208    1   11
 260  149    1    1
 260  279    1    1
 260   29    1    1
 261  187    1    9
 261  232    1    1
 261  106    1    1
 261  141    1    9
 261  174    1    1
 261  239    1    9
 261   18    1    1
 261  123    1    1
 261  269    1    1
 261  155    1    1
 261  254    1    9
 261  191    1    1
 262   89    1    1
 262  253    1    1
 262  273    1    1
 263   66    1    1
 263   59    1    1
 263  134    1    1
 263  208    1    1
 263  209    1    1
 263  283    1    1
 264  257    1    4
 264   66    1    1
 264   59    1    1
 264  134    1    1
 264  208    1    1
 264  209    1    1
 264  283    1    1
 265   23    1   13
 265    5    1    1
 265  149    1    1
 265  279    1    1
 266   17    1    1
 266  243    1    1
 266  109    1    1
 267    5    1    1
 267   23    1   13
 267   29    1    1
 267  149    1    1
 267  279    1    1
 268  192    1    5
 268  193    1    1
 268  156    1    1
 268  118    1    1
 269  123    1    1
 269  261    1    1
 270  160    1    2
 270  246    1    1
 270  173    1    1
 270  278    1    1
 270   87    1    1
 270  120    1    1
 271  111    1    4
 271   93    1    4
 271  167    1    1
 272  196    1    1
 272    9    1    3
 272   17    1    1
 272  243    1    1
 272  212    1    1
 272   25    1    7
 273  257    1    1
 273  262    1    1
 273   15    1    1
 273   21    1    1
 273   22    1    1
 273  151    1    2
 273  282    1    1
 273  172    1    1
 273   52    1    1
 273  195    1    1
 273   79    1    2
 273   86    1    1
 273   89    1    1
 273  218    1   21
 273   92    1   21
 273   95    1    2
 273  225    1    1
 273  226    1    1
 273   99    1   62
 273  234    1    1
 273  108    1    1
 273  109    1   21
 273  238    1   57
 273  217    1    1
 273  252    1    1
 273  253    1    1
 274   32    1    1
 274  133    1    1
 275    5    1    1
 275   23    1   13
 275   29    1    1
 275  149    1    1
 275  279    1    1
 276    5    1    2
 276  279    1    2
 277  208    1    1
 277   59    1    1
 278   27    1   11
 278  173    1    1
 278  270    1    1
 279  260    1    1
 279    5    1    1
 279  136    1    1
 279  265    1    1
 279  267    1    1
 279   12    1   11
 279  141    1    8
 279  142    1    1
 279  275    1    1
 279  276    1    2
 279  149    1    1
 279   23    1   13
 279   24    1    1
 279  154    1   13
 279   27    1    1
 279   29    1    1
 279   35    1    1
 279   37    1    1
 279  166    1    5
 279   39    1    1
 279  171    1    1
 279  180    1    1
 279  187    1    8
 279  189    1    1
 279   62    1    1
 279   66    1   11
 279  197    1    1
 279  198    1    1
 279  207    1    1
 279   80    1    1
 279   81    1    1
 279  214    1    8
 279   90    1    8
 279  219    1    1
 279   97    1    1
 279  123    1    7
 279  209    1   11
 279  208    1   11
 279  237    1    8
 279  239    1    8
 279  240    1    1
 279  117    1    1
 279  249    1    1
 279  250    1    1
 279  251    1    1
 280  193    1    1
 280  156    1    1
 280  118    1    1
 281  229    1    1
 281    6    1    1
 281   13    1    1
 281   46    1    1
 281   48    1    1
 281  213    1    1
 282   89    1    1
 282  253    1    1
 282  273    1    1
 283  224    1    1
 283  259    1    1
 283    4    1    1
 283  134    1    1
 283  263    1    1
 283   72    1    1
 283   30    1    1
 283  235    1    1
 283   12    1    1
 283  143    1    1
 283  208    1    1
 283  209    1    1
 283  114    1    1
 283   85    1    1
 283  152    1    1
 283   59    1    1
 283  264    1    1
