 284
   0   83   28    1
   0   84   50    1
   1   83   40    1
   1   84   50    1
   1  166   40    1
   2  228   40    1
   2  202   50    1
   2   45   40    1
   2   14   40    1
   2  144   40    1
   2  255   40    1
   3  193   50    1
   3  182   50    1
   3  118   50    1
   3   37   13    1
   4  208   50    1
   4   59   50    1
   4  283   50    1
   4  134   33    1
   4  209   50    1
   5  260   50    1
   5  134   25    1
   5  136   33    1
   5  265   33    1
   5  267   33    1
   5  142   50    1
   5   16   18    1
   5  275   33    1
   5  276   25    1
   5  149   50    1
   5   23   25    1
   5   24   50    1
   5   27   33    1
   5   29   50    1
   5   35   33    1
   5   37   33    1
   5   39   33    1
   5   41   13    1
   5  171   33    1
   5  180   25    1
   5  137   10    1
   5  189   50    1
   5   62   33    1
   5  279   50    1
   5  197   33    1
   5   75   11    1
   5  207   50    1
   5   80   50    1
   5   81   50    1
   5  219   28    1
   5   97   33    1
   5  109   11    1
   5  240   50    1
   5  117   40    1
   5  118   18    1
   5  249   50    1
   5  251   33    1
   6  256   50    1
   6  281   50    1
   6   42   50    1
   6   43   50    1
   6   55   28    1
   7   68   50    1
   7   69   20    1
   8   90   50    1
   8   67   33    1
   8  239   50    1
   8  187   50    1
   8  141   50    1
   9   70   33    1
   9  177   13    1
   9   10   40    1
   9  140   50    1
   9  272   50    1
   9  241   40    1
   9   90   16    1
   9  223   50    1
  10   70   40    1
  10    9   40    1
  10  141   18    1
  10   77   50    1
  10   17   25    1
  10  223   40    1
  11   16   50    1
  11   83   33    1
  11   84   40    1
  11  166   50    1
  12   66   13    1
  12   59   40    1
  12  134   28    1
  12  208   40    1
  12  209   40    1
  12  279   13    1
  12  283   28    1
  13  256   50    1
  13   42   33    1
  13   43   33    1
  13  173   40    1
  13  246   40    1
  13   55   40    1
  13  281   50    1
  14    2   40    1
  14  228   50    1
  14  138   33    1
  14   45   50    1
  14  109   16    1
  14  175   50    1
  14  144   33    1
  14   82   40    1
  14  244   40    1
  14  246   13    1
  14  202   40    1
  14  255   50    1
  15   89   28    1
  15  252   40    1
  15  253   40    1
  15  273   40    1
  16  258   50    1
  16    5   18    1
  16  166   50    1
  16  135   33    1
  16  137   50    1
  16   11   50    1
  16  204   50    1
  16   34   50    1
  16  206   50    1
  16  239   16    1
  16   83   33    1
  16   84   40    1
  16  187   16    1
  16  159   15    1
  17  253   13    1
  17  194   33    1
  17  227   33    1
  17  100   33    1
  17  169   22    1
  17   10   25    1
  17  140   15    1
  17  109   50    1
  17  205   33    1
  17  272   18    1
  17  243   50    1
  17   20   33    1
  17  212   25    1
  17   89   11    1
  17   56   33    1
  17  196   50    1
  17  266   33    1
  17  124   33    1
  17  221   16    1
  18  123   50    1
  18  261   50    1
  19  201   50    1
  19  242   50    1
  19  185   50    1
  20   17   33    1
  20  243   50    1
  20  109   33    1
  21   89   40    1
  21  252   28    1
  21  253   40    1
  21  273   40    1
  22   89   28    1
  22  252   40    1
  22  253   40    1
  22  273   40    1
  23  260   33    1
  23    5   25    1
  23  136   50    1
  23  265   50    1
  23  267   50    1
  23  142   20    1
  23  275   50    1
  23  279   25    1
  23   24   33    1
  23   27   50    1
  23   29   25    1
  23   35   50    1
  23   37   25    1
  23   39   50    1
  23  171   50    1
  23  180   50    1
  23   59   16    1
  23  188   11    1
  23  189   33    1
  23   62   50    1
  23   67   13    1
  23  196    9    1
  23  197   33    1
  23  207   33    1
  23   81   33    1
  23   83   15    1
  23  219   15    1
  23   97   50    1
  23  240   33    1
  23  117   40    1
  23  251   33    1
  24    5   50    1
  24   23   33    1
  24   29   50    1
  24  149   50    1
  24  279   50    1
  25   96   50    1
  25   65   50    1
  25  132   50    1
  25  140   11    1
  25  239   15    1
  25  272   13    1
  25  150   50    1
  25   57   50    1
  25   60   50    1
  25   31   50    1
  26  116   33    1
  26  254   33    1
  26   63   50    1
  27    5   33    1
  27   23   50    1
  27  149   50    1
  27  278    6    1
  27  279   33    1
  27  249   20    1
  27   29   33    1
  28   55   50    1
  28   87   50    1
  29  260   50    1
  29    5   50    1
  29  136   33    1
  29  267   33    1
  29  142   50    1
  29  275   33    1
  29  149   50    1
  29  279   50    1
  29   24   50    1
  29   27   33    1
  29   35   33    1
  29   37   33    1
  29   39   33    1
  29  171   33    1
  29  180   25    1
  29   23   25    1
  29  187   18    1
  29  189   33    1
  29   62   33    1
  29  193   18    1
  29   66   10    1
  29  197   33    1
  29  198   50    1
  29  207   50    1
  29   81   50    1
  29   83   18    1
  29   84   20    1
  29  215   25    1
  29  219   28    1
  29   97   33    1
  29  209   25    1
  29  240   33    1
  29  117   40    1
  29  250   50    1
  29  251   33    1
  30   66   13    1
  30   59   40    1
  30  134   28    1
  30  208   28    1
  30  209   40    1
  30  283   50    1
  31   96   50    1
  31   65   50    1
  31  132   50    1
  31  212   11    1
  31  150   50    1
  31   25   50    1
  31   57   50    1
  31   90   10    1
  31  187   15    1
  31   60   50    1
  32  133   50    1
  32  134   40    1
  32  274   33    1
  32  116   15    1
  32  151   50    1
  32   89   16    1
  32  154   50    1
  32  253   20    1
  33  252   14    1
  33  170   22    1
  33   68   40    1
  34   16   50    1
  34   83   25    1
  34   84   40    1
  34  166   50    1
  35    5   33    1
  35   23   50    1
  35   29   33    1
  35  149   50    1
  35  279   33    1
  36   40   20    1
  36  210   33    1
  36  178   50    1
  36   98   22    1
  37    3   13    1
  37    5   33    1
  37   23   25    1
  37  149   25    1
  37  214   15    1
  37  279   33    1
  37   29   33    1
  38  181   16    1
  38  165   50    1
  39    5   33    1
  39   23   50    1
  39   29   33    1
  39  149   50    1
  39  279   33    1
  40  130   50    1
  40   36   20    1
  41  192   40    1
  41  161   50    1
  41    5   13    1
  41  156   33    1
  41  110   33    1
  41   47   50    1
  41  118   25    1
  41  188   33    1
  42  229   33    1
  42    6   50    1
  42   13   33    1
  42   46   33    1
  42   48   33    1
  42  213   33    1
  42  119   25    1
  43  229   33    1
  43    6   50    1
  43   13   33    1
  43   46   33    1
  43   48   33    1
  43  213   33    1
  43  119   33    1
  43  248   25    1
  44  128   12    1
  44  145   11    1
  44  146   13    1
  44   61   22    1
  45    2   40    1
  45  228   50    1
  45  138   33    1
  45  141   11    1
  45   14   50    1
  45  144   33    1
  45  210   22    1
  45  244   40    1
  45   82   40    1
  45  118   15    1
  45  202   28    1
  45  255   50    1
  45  221   50    1
  45   53   40    1
  46  256   50    1
  46   42   33    1
  46   43   33    1
  46  173   40    1
  46  246   40    1
  46   55   40    1
  46  281   50    1
  47   41   50    1
  47   75   28    1
  47  188   33    1
  47  110   25    1
  48  256   50    1
  48   42   33    1
  48   43   33    1
  48  173   40    1
  48  246   40    1
  48   55   40    1
  48  281   50    1
  49  243   50    1
  49  109   50    1
  50  128   50    1
  50  185   50    1
  50  146   10    1
  50   61   40    1
  51   90   33    1
  51   67   50    1
  51  239   50    1
  51  187   50    1
  51  141   50    1
  52   89   22    1
  52  252   40    1
  52  253   40    1
  52  273   40    1
  53  211   40    1
  53   45   40    1
  54   67   33    1
  54   90   50    1
  54  187   50    1
  54  141   50    1
  54  239   50    1
  55  129   40    1
  55    6   28    1
  55  139   40    1
  55   13   40    1
  55  151   16    1
  55   28   50    1
  55  158   50    1
  55  163   40    1
  55  169   50    1
  55  173   50    1
  55   46   40    1
  55   48   40    1
  55  193   25    1
  55  196   11    1
  55   73   40    1
  55  119   40    1
  55  248   40    1
  55  213   40    1
  55   87   50    1
  55  229   40    1
  55  102   50    1
  55  105   40    1
  55  107   40    1
  55  247   40    1
  55  120   50    1
  56   17   33    1
  56  243   50    1
  56  109   33    1
  57   25   50    1
  57   31   50    1
  58  133   25    1
  58   79   50    1
  59  224   50    1
  59  149   25    1
  59   66   12    1
  59  259   50    1
  59    4   50    1
  59  263   50    1
  59  264   50    1
  59  235   33    1
  59   12   40    1
  59  143   50    1
  59  208   50    1
  59  209   50    1
  59  114   40    1
  59   85   50    1
  59   23   16    1
  59   72   33    1
  59  152   50    1
  59  283   50    1
  59  151   40    1
  59   30   40    1
  59  277   50    1
  60   25   50    1
  60   31   50    1
  61   44   22    1
  61   50   40    1
  61  228   22    1
  61  210   50    1
  61  246   25    1
  62    5   33    1
  62   23   50    1
  62   29   33    1
  62  149   50    1
  62  279   33    1
  63   26   50    1
  63  116   50    1
  63  254   50    1
  64  179   33    1
  64  220   33    1
  64  187   28    1
  64  254   50    1
  64  159   50    1
  65   25   50    1
  65   78    7    1
  65   31   50    1
  66  259   11    1
  66  133   11    1
  66  134   12    1
  66  263   11    1
  66  264   11    1
  66   12   13    1
  66  143   12    1
  66  279    8    1
  66  152   12    1
  66   29   10    1
  66   30   13    1
  66   59   12    1
  66   71   10    1
  66   72   12    1
  66   74   13    1
  66  208   11    1
  66  209   11    1
  66   85   12    1
  66  215   12    1
  66   92   14    1
  66  224   12    1
  66  112   12    1
  66  114   13    1
  67  162   33    1
  67   54   33    1
  67    8   33    1
  67  122   33    1
  67  236   50    1
  67  141   50    1
  67  237   33    1
  67  176   33    1
  67  113   50    1
  67   51   50    1
  67  121   50    1
  67  149   18    1
  67  214   50    1
  67   23   13    1
  67   88   50    1
  67  153   50    1
  67   90   50    1
  67  187   50    1
  67  200   50    1
  67  157   50    1
  67  127   50    1
  68   33   40    1
  68   69   50    1
  68    7   50    1
  68  170   50    1
  68  116   16    1
  68  254   12    1
  69   68   50    1
  69  252   13    1
  69    7   20    1
  70    9   33    1
  70   10   40    1
  70  127   20    1
  71  208   50    1
  71  209   50    1
  71   66   10    1
  72   66   12    1
  72   59   33    1
  72  134   33    1
  72  208   50    1
  72  209   33    1
  72  283   50    1
  73  173   40    1
  73  246   40    1
  73   55   40    1
  74  208   22    1
  74  209   40    1
  74   66   13    1
  75  192   14    1
  75  161   22    1
  75    5   11    1
  75  156   28    1
  75  110   28    1
  75   47   28    1
  75  118   28    1
  75  188   22    1
  76  141   33    1
  76  239   50    1
  77  241   33    1
  77   10   50    1
  78   65    7    1
  78  254   50    1
  79  273   33    1
  79   58   50    1
  79  133   25    1
  79  154   25    1
  79  151   25    1
  80    5   50    1
  80  279   50    1
  81    5   50    1
  81   23   33    1
  81   29   50    1
  81  149   33    1
  81  279   50    1
  82  120   11    1
  82  228   40    1
  82   45   40    1
  82   14   40    1
  82  255   40    1
  83    0   28    1
  83    1   40    1
  83   34   25    1
  83  166   33    1
  83  135   25    1
  83  137   25    1
  83   11   33    1
  83  258   33    1
  83  206   25    1
  83   16   33    1
  83  212    8    1
  83  149   22    1
  83   23   15    1
  83   29   18    1
  84    0   50    1
  84    1   50    1
  84   34   40    1
  84  166   40    1
  84  135   28    1
  84  137   40    1
  84   11   40    1
  84  258   40    1
  84  206   28    1
  84   16   40    1
  84  212    8    1
  84   29   20    1
  85   66   12    1
  85   59   50    1
  85  134   33    1
  85  208   50    1
  85  209   50    1
  85  283   50    1
  86   89   28    1
  86  252   40    1
  86  253   40    1
  86  273   40    1
  87  160   50    1
  87  169   50    1
  87  270   33    1
  87  246   50    1
  87   55   50    1
  87  120   50    1
  87   28   50    1
  88   67   50    1
  88  141   50    1
  88  239   50    1
  88   90   50    1
  88  187   50    1
  88  127   50    1
  89   32   16    1
  89  225   28    1
  89  226   22    1
  89  131   40    1
  89   22   28    1
  89  262   22    1
  89  257   16    1
  89  172   28    1
  89  234   33    1
  89  108   28    1
  89   15   28    1
  89   17   11    1
  89  273   33    1
  89   52   22    1
  89   21   40    1
  89   86   28    1
  89  217   33    1
  89   90    8    1
  89  282   22    1
  90    8   50    1
  90    9   16    1
  90  279   18    1
  90  153   50    1
  90  157   50    1
  90   31   10    1
  90  162   50    1
  90  176   50    1
  90   51   33    1
  90   54   50    1
  90  187   50    1
  90   67   50    1
  90  200   50    1
  90  214   33    1
  90   88   50    1
  90   89    8    1
  90  236   50    1
  90  237   50    1
  90  239   50    1
  90  113   50    1
  90  121   50    1
  90  122   50    1
  90  253    9    1
  90  127   50    1
  91  193   50    1
  91  156   50    1
  91  118   50    1
  92   66   14    1
  92  233   33    1
  92  208    6    1
  92  273   11    1
  92  218   10    1
  92  222   40    1
  93  242   20    1
  93  271   50    1
  94  164   25    1
  94  254   15    1
  95  273   50    1
  95  131   40    1
  96   25   50    1
  96   31   50    1
  97    5   33    1
  97   23   50    1
  97   29   33    1
  97  149   50    1
  97  279   33    1
  98   36   22    1
  98  181   50    1
  98  111   25    1
  99  273   50    1
  99  164   50    1
  99  252   50    1
 100   17   33    1
 100  243   50    1
 100  109   33    1
 101  193   50    1
 101  156   50    1
 101  118   50    1
 102   55   50    1
 102  103   33    1
 103  102   33    1
 103  246   50    1
 104  193   50    1
 104  156   50    1
 104  118   50    1
 105  173   40    1
 105  246   40    1
 105   55   40    1
 106  123   50    1
 106  261   50    1
 107  173   40    1
 107  246   40    1
 107   55   40    1
 108   89   28    1
 108  252   40    1
 108  253   40    1
 108  273   40    1
 109  212   50    1
 109  194   33    1
 109  227   33    1
 109  100   33    1
 109    5   11    1
 109  273   15    1
 109  266   50    1
 109  205   33    1
 109   14   16    1
 109   49   50    1
 109  243   50    1
 109   20   33    1
 109   17   50    1
 109   56   33    1
 109  196   50    1
 109  124   33    1
 109  255   16    1
 110  192   22    1
 110  193   50    1
 110   41   33    1
 110   75   28    1
 110   47   25    1
 110  188   50    1
 111   98   25    1
 111  178   15    1
 111  271   33    1
 112  209   50    1
 112   66   12    1
 113   67   50    1
 113  141   50    1
 113  239   50    1
 113   90   50    1
 113  187   50    1
 113  127   50    1
 114   66   13    1
 114   59   40    1
 114  134   28    1
 114  208   28    1
 114  209   40    1
 114  283   50    1
 115  186   11    1
 115  228   40    1
 115  175   40    1
 116   32   15    1
 116   68   16    1
 116   26   33    1
 116  123   18    1
 116  254   50    1
 116   63   50    1
 117    5   40    1
 117   23   40    1
 117   29   40    1
 117  149   28    1
 117  279   40    1
 118  193   50    1
 118    3   50    1
 118    5   18    1
 118  231   50    1
 118  104   50    1
 118   41   25    1
 118   75   28    1
 118  268   50    1
 118   45   15    1
 118  173   25    1
 118  141   12    1
 118  168   50    1
 118  245   50    1
 118  280   50    1
 118   91   50    1
 118  156   50    1
 118  125   50    1
 118  126   20    1
 118  101   50    1
 119  256   33    1
 119   42   25    1
 119   43   33    1
 119  173   40    1
 119  246   40    1
 119   55   40    1
 120   55   50    1
 120  173   50    1
 120  270   50    1
 120   82   11    1
 120  246   50    1
 120   87   50    1
 120  156   25    1
 121   67   50    1
 121  141   50    1
 121  239   50    1
 121   90   50    1
 121  187   50    1
 121  127   50    1
 122   67   33    1
 122   90   50    1
 122  187   50    1
 122  141   50    1
 122  239   50    1
 123  261   33    1
 123  232   50    1
 123  106   50    1
 123  141   20    1
 123  174   50    1
 123  269   50    1
 123   18   50    1
 123  116   18    1
 123  279    7    1
 123  155   50    1
 123  254   18    1
 123  191   50    1
 124   17   33    1
 124  243   50    1
 124  109   33    1
 125  193   50    1
 125  156   50    1
 125  118   50    1
 126  216    7    1
 126  193   20    1
 126  219   14    1
 126  156   20    1
 126  118   20    1
 127   67   50    1
 127   70   20    1
 127  141   50    1
 127  239   50    1
 127  176   50    1
 127  113   50    1
 127   88   50    1
 127  121   50    1
 127   90   50    1
 127  187   50    1
 127  157   33    1
 128  185   20    1
 128   50   50    1
 128   44   12    1
 128  165   50    1
 129  173   40    1
 129  246   40    1
 129   55   40    1
 130   40   50    1
 130  178   50    1
 131   89   40    1
 131  253   40    1
 131   95   40    1
 132   25   50    1
 132   31   50    1
 133   32   50    1
 133   66   11    1
 133  173   12    1
 133   79   25    1
 133  209   40    1
 133  274   50    1
 133  151   50    1
 133   58   25    1
 133  239   11    1
 133  154   50    1
 133  254   15    1
 134   32   40    1
 134  224   33    1
 134   66   12    1
 134  259   33    1
 134    4   33    1
 134    5   25    1
 134  263   33    1
 134   72   33    1
 134   30   28    1
 134  235   33    1
 134   12   28    1
 134  143   50    1
 134  208   50    1
 134  209   50    1
 134  114   28    1
 134   85   33    1
 134  152   33    1
 134  283   33    1
 134  264   33    1
 135   16   33    1
 135   83   25    1
 135   84   28    1
 135  166   33    1
 135  219   14    1
 136    5   33    1
 136   23   50    1
 136   29   33    1
 136  149   50    1
 136  279   33    1
 137    5   10    1
 137  166   50    1
 137  206   50    1
 137   16   50    1
 137   83   25    1
 137   84   40    1
 138  228   50    1
 138   45   33    1
 138   14   33    1
 138  255   33    1
 139  173   40    1
 139  246   40    1
 139   55   40    1
 140    9   50    1
 140   17   15    1
 140   25   11    1
 141  261   12    1
 141    8   50    1
 141   10   18    1
 141   88   50    1
 141  279   18    1
 141  153   50    1
 141  157   50    1
 141  162   50    1
 141   45   11    1
 141  176   50    1
 141   51   50    1
 141   54   50    1
 141  187   50    1
 141   67   50    1
 141  199   50    1
 141  200   50    1
 141   76   33    1
 141  214   33    1
 141  216   50    1
 141  230   50    1
 141  236   50    1
 141  237   50    1
 141  239   50    1
 141  113   50    1
 141  118   12    1
 141  121   50    1
 141  122   50    1
 141  123   20    1
 141  127   50    1
 142    5   50    1
 142   23   20    1
 142   29   50    1
 142  149   50    1
 142  279   50    1
 143   66   12    1
 143   59   50    1
 143  134   50    1
 143  208   50    1
 143  209   50    1
 143  283   50    1
 144    2   40    1
 144  228   50    1
 144   45   33    1
 144   14   33    1
 144  255   33    1
 145   44   11    1
 145  228   50    1
 145  175   50    1
 146   44   13    1
 146   50   10    1
 146  228   28    1
 147  148   33    1
 147  221   50    1
 147  255   50    1
 148  147   33    1
 148  221   33    1
 148  255   33    1
 149  260   50    1
 149    5   50    1
 149  136   50    1
 149  265   33    1
 149  267   33    1
 149  142   50    1
 149  275   50    1
 149  279   50    1
 149   24   50    1
 149   27   50    1
 149   29   50    1
 149   35   50    1
 149   37   25    1
 149   39   50    1
 149  171   50    1
 149  180   33    1
 149   59   25    1
 149  188   15    1
 149  189   33    1
 149   62   50    1
 149   67   18    1
 149  196   11    1
 149  197   50    1
 149  207   33    1
 149   81   33    1
 149   83   22    1
 149  219   22    1
 149   97   50    1
 149  240   50    1
 149  117   28    1
 149  251   50    1
 150   25   50    1
 150   31   50    1
 151   32   50    1
 151  133   50    1
 151   79   25    1
 151  208   18    1
 151  273   20    1
 151   55   16    1
 151   59   40    1
 152   66   12    1
 152   59   50    1
 152  134   33    1
 152  208   50    1
 152  209   50    1
 152  283   50    1
 153   67   50    1
 153   90   50    1
 153  187   50    1
 153  141   50    1
 153  239   50    1
 154   32   50    1
 154  133   50    1
 154   79   25    1
 154  208   40    1
 154  279   13    1
 154  252   20    1
 155  123   50    1
 155  261   50    1
 156  193   50    1
 156  101   50    1
 156  231   50    1
 156  104   50    1
 156   41   33    1
 156   75   28    1
 156  268   50    1
 156  168   50    1
 156  245   50    1
 156  118   50    1
 156  280   50    1
 156  120   25    1
 156   91   50    1
 156  125   50    1
 156  126   20    1
 157   67   50    1
 157  141   50    1
 157  239   50    1
 157   90   50    1
 157  187   50    1
 157  127   33    1
 158  173   50    1
 158  246   50    1
 158   55   50    1
 159   16   15    1
 159   64   50    1
 159  179   50    1
 159  220   50    1
 159  254   33    1
 160  270   50    1
 160   87   50    1
 161   41   50    1
 161   75   22    1
 162   67   33    1
 162   90   50    1
 162  187   50    1
 162  141   50    1
 162  239   50    1
 163  173   40    1
 163  246   40    1
 163   55   40    1
 164   99   50    1
 164   94   25    1
 165  128   50    1
 165   38   50    1
 166    1   40    1
 166   34   50    1
 166  135   33    1
 166  137   50    1
 166   11   50    1
 166  204   50    1
 166  258   50    1
 166  206   50    1
 166   16   50    1
 166  243    8    1
 166   84   40    1
 166  279   18    1
 166   83   33    1
 167  201   50    1
 167  271   50    1
 168  193   50    1
 168  156   50    1
 168  118   50    1
 169   17   22    1
 169   55   50    1
 169  173   50    1
 169  246   50    1
 169   87   50    1
 170   33   22    1
 170   68   50    1
 170  238    8    1
 171    5   33    1
 171   23   50    1
 171   29   33    1
 171  149   50    1
 171  279   33    1
 172   89   28    1
 172  252   40    1
 172  253   40    1
 172  273   40    1
 173  129   40    1
 173  133   12    1
 173  139   40    1
 173   13   40    1
 173  270   50    1
 173  278   33    1
 173  158   50    1
 173  163   40    1
 173  169   50    1
 173   46   40    1
 173   48   40    1
 173   55   50    1
 173   73   40    1
 173  203   50    1
 173  248   40    1
 173  210   25    1
 173  213   40    1
 173  228   18    1
 173  229   40    1
 173  105   40    1
 173  107   40    1
 173  118   25    1
 173  247   40    1
 173  120   50    1
 173  119   40    1
 173  255   13    1
 174  123   50    1
 174  261   50    1
 175  228   50    1
 175  211   50    1
 175  145   50    1
 175   14   50    1
 175  177   50    1
 175  115   40    1
 175  183   50    1
 175  184   50    1
 175  221   50    1
 176   67   33    1
 176  141   50    1
 176  239   50    1
 176   90   50    1
 176  187   50    1
 176  127   50    1
 177  228   50    1
 177    9   13    1
 177  175   50    1
 177  211   50    1
 177  221   50    1
 177  255   50    1
 178  185   40    1
 178  130   50    1
 178   36   50    1
 178  111   15    1
 179   64   33    1
 179  159   50    1
 180    5   25    1
 180   23   50    1
 180   29   25    1
 180  149   33    1
 180  279   33    1
 181   98   50    1
 181   38   16    1
 182  193   50    1
 182    3   50    1
 183  228   50    1
 183  175   50    1
 184  228   50    1
 184  175   50    1
 185  128   20    1
 185   50   50    1
 185   19   50    1
 185  178   40    1
 185  186   28    1
 186  185   28    1
 186  115   11    1
 187  261   20    1
 187    8   50    1
 187  141   50    1
 187   16   16    1
 187  279   13    1
 187  153   50    1
 187   29   18    1
 187   31   15    1
 187  162   50    1
 187  157   50    1
 187  176   50    1
 187   51   50    1
 187   54   50    1
 187   64   28    1
 187   67   50    1
 187  200   50    1
 187  214   33    1
 187   88   50    1
 187   90   50    1
 187  228   11    1
 187  236   50    1
 187  237   50    1
 187  239   50    1
 187  113   50    1
 187  121   50    1
 187  122   50    1
 187  127   50    1
 187  255    8    1
 188  192   28    1
 188   41   33    1
 188   75   22    1
 188  110   50    1
 188   47   33    1
 188  149   15    1
 188   23   11    1
 189    5   50    1
 189   23   33    1
 189   29   33    1
 189  149   33    1
 189  279   33    1
 190  216   20    1
 190  239   25    1
 191  123   50    1
 191  261   50    1
 192   41   40    1
 192   75   14    1
 192  188   28    1
 192  110   22    1
 192  268   22    1
 193    3   50    1
 193  228   15    1
 193  101   50    1
 193  231   50    1
 193  104   50    1
 193  268   50    1
 193  110   50    1
 193  239   12    1
 193  168   50    1
 193   29   18    1
 193  245   50    1
 193  118   50    1
 193   55   25    1
 193  280   50    1
 193   91   50    1
 193  156   50    1
 193  125   50    1
 193  126   20    1
 193  182   50    1
 194   17   33    1
 194  243   50    1
 194  109   33    1
 195  273   50    1
 195  252   50    1
 196   55   11    1
 196  109   50    1
 196  272   28    1
 196   17   50    1
 196  212   50    1
 196  149   11    1
 196   23    9    1
 197    5   33    1
 197   23   33    1
 197   29   33    1
 197  149   50    1
 197  279   50    1
 198   29   50    1
 198  279   50    1
 199  141   50    1
 199  239   50    1
 200   67   50    1
 200   90   50    1
 200  187   50    1
 200  141   50    1
 200  239   50    1
 201   19   50    1
 201  167   50    1
 202    2   50    1
 202  228   40    1
 202   45   28    1
 202   14   40    1
 202  255   40    1
 203  173   50    1
 203  246   33    1
 204   16   50    1
 204  166   50    1
 205   17   33    1
 205  243   50    1
 205  109   33    1
 206   16   50    1
 206  137   50    1
 206   83   25    1
 206   84   28    1
 206  166   50    1
 207    5   50    1
 207   23   33    1
 207   29   50    1
 207  149   33    1
 207  279   50    1
 208  259   33    1
 208    4   50    1
 208  134   50    1
 208  263   50    1
 208  264   50    1
 208  279   25    1
 208   12   40    1
 208  143   50    1
 208  277   50    1
 208  151   18    1
 208  152   50    1
 208  260   16    1
 208  154   40    1
 208  283   33    1
 208   30   28    1
 208   59   50    1
 208   66   11    1
 208   71   50    1
 208   72   50    1
 208   74   22    1
 208  209   50    1
 208   85   50    1
 208  215   50    1
 208  218   13    1
 208   92    6    1
 208  224   50    1
 208  235   50    1
 208  114   28    1
 209  259   50    1
 209    4   50    1
 209  133   40    1
 209  134   50    1
 209  263   50    1
 209  264   50    1
 209   12   40    1
 209  143   50    1
 209  279   14    1
 209  152   50    1
 209  283   50    1
 209   29   25    1
 209   30   40    1
 209   59   50    1
 209   66   11    1
 209   71   50    1
 209   72   33    1
 209   74   40    1
 209  208   50    1
 209   85   50    1
 209  218   13    1
 209  224   50    1
 209  235   33    1
 209  112   50    1
 209  114   40    1
 210   61   50    1
 210   36   33    1
 210  173   25    1
 210   45   22    1
 211  177   50    1
 211  175   50    1
 211  221   50    1
 211  246   28    1
 211   53   40    1
 212  196   50    1
 212  109   50    1
 212  272   22    1
 212   17   25    1
 212   83    8    1
 212   84    8    1
 212   31   11    1
 213  256   50    1
 213   42   33    1
 213   43   33    1
 213  173   40    1
 213  246   40    1
 213   55   40    1
 213  281   50    1
 214   67   50    1
 214   37   15    1
 214  141   33    1
 214  239   25    1
 214  187   33    1
 214  279   11    1
 214   90   33    1
 214  219   16    1
 215  208   50    1
 215   66   12    1
 215   29   25    1
 216  141   50    1
 216  126    7    1
 216  190   20    1
 217   89   33    1
 217  252   33    1
 217  253   33    1
 217  273   33    1
 218  209   13    1
 218  233   13    1
 218  208   13    1
 218  273   33    1
 218   92   10    1
 218  252   33    1
 218  253   20    1
 218  222   12    1
 219    5   28    1
 219  135   14    1
 219  279   28    1
 219  149   22    1
 219  214   16    1
 219   23   15    1
 219   29   28    1
 219  126   14    1
 220   64   33    1
 220  159   50    1
 221  211   50    1
 221   17   16    1
 221   45   50    1
 221  175   50    1
 221  177   50    1
 221  147   50    1
 221  148   33    1
 221  239   13    1
 221  255   50    1
 222  218   12    1
 222   92   40    1
 223    9   50    1
 223   10   40    1
 224   66   12    1
 224   59   50    1
 224  134   33    1
 224  208   50    1
 224  209   50    1
 224  283   50    1
 225   89   28    1
 225  252   40    1
 225  253   40    1
 225  273   40    1
 226   89   22    1
 226  252   40    1
 226  253   40    1
 226  273   40    1
 227   17   33    1
 227  243   50    1
 227  109   33    1
 228  193   15    1
 228    2   40    1
 228  115   40    1
 228   82   40    1
 228  145   50    1
 228  138   50    1
 228  175   50    1
 228   45   50    1
 228   14   50    1
 228  173   18    1
 228  144   50    1
 228  177   50    1
 228  146   28    1
 228  243   16    1
 228  244   40    1
 228  183   50    1
 228  184   50    1
 228   61   22    1
 228  187   11    1
 228  202   40    1
 229  256   50    1
 229   42   33    1
 229   43   33    1
 229  173   40    1
 229  246   40    1
 229   55   40    1
 229  281   50    1
 230  141   50    1
 230  239   50    1
 231  193   50    1
 231  156   50    1
 231  118   50    1
 232  123   50    1
 232  261   50    1
 233  218   13    1
 233   92   33    1
 234   89   33    1
 234  252   33    1
 234  253   33    1
 234  273   33    1
 235  208   50    1
 235  209   33    1
 235   59   33    1
 235  134   33    1
 235  283   50    1
 236   67   50    1
 236   90   50    1
 236  187   50    1
 236  141   50    1
 236  239   50    1
 237   67   33    1
 237  141   50    1
 237  239   50    1
 237  279   13    1
 237   90   50    1
 237  187   50    1
 238  273   50    1
 238  170    8    1
 239  133   11    1
 239    8   50    1
 239  141   50    1
 239   16   16    1
 239  279   13    1
 239   25   15    1
 239  157   50    1
 239  261   20    1
 239  162   50    1
 239  176   50    1
 239   51   50    1
 239   54   50    1
 239  187   50    1
 239  190   25    1
 239  193   12    1
 239  199   50    1
 239  200   50    1
 239   76   50    1
 239  214   25    1
 239   88   50    1
 239   90   50    1
 239  221   13    1
 239  230   50    1
 239  236   50    1
 239  237   50    1
 239  113   50    1
 239  153   50    1
 239  121   50    1
 239  122   50    1
 239  127   50    1
 240    5   50    1
 240   23   33    1
 240   29   33    1
 240  149   50    1
 240  279   50    1
 241    9   40    1
 241   77   33    1
 242   19   50    1
 242   93   20    1
 243  194   50    1
 243  227   50    1
 243  100   50    1
 243  166    8    1
 243   17   50    1
 243  124   50    1
 243  266   50    1
 243  109   50    1
 243  205   50    1
 243  272   28    1
 243   49   50    1
 243   20   50    1
 243   56   50    1
 243  228   16    1
 243  252   13    1
 244  228   40    1
 244   45   40    1
 244   14   40    1
 244  255   40    1
 245  193   50    1
 245  156   50    1
 245  118   50    1
 246  129   40    1
 246  139   40    1
 246   13   40    1
 246   14   13    1
 246  158   50    1
 246  163   40    1
 246  169   50    1
 246   46   40    1
 246   48   40    1
 246   61   25    1
 246   73   40    1
 246  203   33    1
 246  248   40    1
 246  211   28    1
 246  270   50    1
 246   87   50    1
 246  229   40    1
 246  103   50    1
 246  105   40    1
 246  107   40    1
 246  119   40    1
 246  120   50    1
 246  247   40    1
 246  213   40    1
 247  173   40    1
 247  246   40    1
 247   55   40    1
 248  256   33    1
 248   43   25    1
 248  173   40    1
 248  246   40    1
 248   55   40    1
 249   27   20    1
 249    5   50    1
 249  279   50    1
 250   29   50    1
 250  279   50    1
 251    5   33    1
 251   23   33    1
 251   29   33    1
 251  149   50    1
 251  279   50    1
 252  225   40    1
 252  226   40    1
 252   99   50    1
 252   69   13    1
 252  195   50    1
 252   33   14    1
 252  108   40    1
 252  234   33    1
 252  172   40    1
 252   15   40    1
 252  273   50    1
 252  243   13    1
 252   52   40    1
 252   21   28    1
 252   22   40    1
 252  218   33    1
 252  217   33    1
 252  154   20    1
 252   86   40    1
 252  257   20    1
 253   32   20    1
 253  225   40    1
 253  226   40    1
 253  131   40    1
 253   22   40    1
 253  262   40    1
 253  257   20    1
 253  108   40    1
 253  234   33    1
 253  172   40    1
 253   15   40    1
 253   90    9    1
 253   17   13    1
 253   52   40    1
 253   21   40    1
 253   86   40    1
 253  218   20    1
 253  217   33    1
 253  282   40    1
 253  273   50    1
 254   64   50    1
 254   68   12    1
 254  133   15    1
 254   63   50    1
 254   78   50    1
 254  116   50    1
 254  261   18    1
 254   26   33    1
 254  123   18    1
 254   94   15    1
 254  159   33    1
 255    2   40    1
 255  138   33    1
 255   45   50    1
 255   14   50    1
 255  109   16    1
 255  144   33    1
 255  177   50    1
 255   82   40    1
 255  147   50    1
 255  148   33    1
 255  173   13    1
 255  202   40    1
 255  244   40    1
 255  187    8    1
 255  221   50    1
 256  229   50    1
 256    6   50    1
 256   13   50    1
 256   46   50    1
 256   48   50    1
 256  213   50    1
 256  119   33    1
 256  248   33    1
 257  264   15    1
 257   89   16    1
 257  252   20    1
 257  253   20    1
 257  273   20    1
 258   16   50    1
 258   83   33    1
 258   84   40    1
 258  166   50    1
 259   66   11    1
 259   59   50    1
 259  134   33    1
 259  208   33    1
 259  209   50    1
 259  283   50    1
 260    5   50    1
 260   23   33    1
 260  208   16    1
 260  149   50    1
 260  279   50    1
 260   29   50    1
 261  187   20    1
 261  232   50    1
 261  106   50    1
 261  141   12    1
 261  174   50    1
 261  239   20    1
 261   18   50    1
 261  123   33    1
 261  269   50    1
 261  155   50    1
 261  254   18    1
 261  191   50    1
 262   89   22    1
 262  253   40    1
 262  273   40    1
 263   66   11    1
 263   59   50    1
 263  134   33    1
 263  208   50    1
 263  209   50    1
 263  283   50    1
 264  257   15    1
 264   66   11    1
 264   59   50    1
 264  134   33    1
 264  208   50    1
 264  209   50    1
 264  283   50    1
 265   23   50    1
 265    5   33    1
 265  149   33    1
 265  279   33    1
 266   17   33    1
 266  243   50    1
 266  109   50    1
 267    5   33    1
 267   23   50    1
 267   29   33    1
 267  149   33    1
 267  279   25    1
 268  192   22    1
 268  193   50    1
 268  156   50    1
 268  118   50    1
 269  123   50    1
 269  261   50    1
 270  160   50    1
 270  246   50    1
 270  173   50    1
 270  278   50    1
 270   87   33    1
 270  120   50    1
 271  111   33    1
 271   93   50    1
 271  167   50    1
 272  196   28    1
 272    9   50    1
 272   17   18    1
 272  243   28    1
 272  212   22    1
 272   25   13    1
 273  257   20    1
 273  262   40    1
 273   15   40    1
 273   21   40    1
 273   22   40    1
 273  151   20    1
 273  282   40    1
 273  172   40    1
 273   52   40    1
 273  195   50    1
 273   79   33    1
 273   86   40    1
 273   89   33    1
 273  218   33    1
 273   92   11    1
 273   95   50    1
 273  225   40    1
 273  226   40    1
 273   99   50    1
 273  234   33    1
 273  108   40    1
 273  109   15    1
 273  238   50    1
 273  217   33    1
 273  252   50    1
 273  253   50    1
 274   32   33    1
 274  133   50    1
 275    5   33    1
 275   23   50    1
 275   29   33    1
 275  149   50    1
 275  279   33    1
 276    5   25    1
 276  279   50    1
 277  208   50    1
 277   59   50    1
 278   27    6    1
 278  173   33    1
 278  270   50    1
 279  260   50    1
 279    5   50    1
 279  136   33    1
 279  265   33    1
 279  267   25    1
 279   12   13    1
 279  141   18    1
 279  142   50    1
 279  275   33    1
 279  276   50    1
 279  149   50    1
 279   23   25    1
 279   24   50    1
 279  154   13    1
 279   27   33    1
 279   29   50    1
 279   35   33    1
 279   37   33    1
 279  166   18    1
 279   39   33    1
 279  171   33    1
 279  180   33    1
 279  187   13    1
 279  189   33    1
 279   62   33    1
 279   66    8    1
 279  197   50    1
 279  198   50    1
 279  207   50    1
 279   80   50    1
 279   81   50    1
 279  214   11    1
 279   90   18    1
 279  219   28    1
 279   97   33    1
 279  123    7    1
 279  209   14    1
 279  208   25    1
 279  237   13    1
 279  239   13    1
 279  240   50    1
 279  117   40    1
 279  249   50    1
 279  250   50    1
 279  251   50    1
 280  193   50    1
 280  156   50    1
 280  118   50    1
 281  229   50    1
 281    6   50    1
 281   13   50    1
 281   46   50    1
 281   48   50    1
 281  213   50    1
 282   89   22    1
 282  253   40    1
 282  273   40    1
 283  224   50    1
 283  259   50    1
 283    4   50    1
 283  134   33    1
 283  263   50    1
 283   72   50    1
 283   30   50    1
 283  235   50    1
 283   12   28    1
 283  143   50    1
 283  208   33    1
 283  209   50    1
 283  114   50    1
 283   85   50    1
 283  152   50    1
 283   59   50    1
 283  264   50    1
