  72
   0   25   40   43
   0   53   50   44
   0   70   50    1
   1   18   50    1
   1    5   50    1
   1   22   50    1
   2   67   50    1
   2   44   50    1
   2   22    7    7
   3   16   28    2
   3   35   40    2
   3    4   28    1
   3   54   50    2
   4   16   25    2
   4    3   28    1
   4   60   22    2
   4    5    6   16
   5   32   50    2
   5    1   50    1
   5    4    6   16
   5   40   28    1
   5   10   50    1
   5   11   40    1
   5   18   40    1
   5   22   40    1
   6   53   16    1
   6   55   50    2
   7   35   50    1
   7   14   50    2
   8   65    6   13
   8   38   50    1
   8   41   14    8
   8   13   25    3
   8   19   28    1
   8   59    5   11
   9   65   11    4
   9   66   16    4
   9   23   33    2
   9   57   50    2
   9   58   33    2
   9   62   50    2
   9   31   50    1
  10   18   50    1
  10    5   50    1
  10   22   50    1
  11    5   40    1
  11   22   50    1
  12   24   33    1
  12   30   13    6
  12   39   22    6
  13    8   25    3
  13   31    6   11
  14    7   50    2
  14   45   50    1
  14   69   50    2
  15   65   50    2
  15   68   50    2
  15   45   40    1
  15   60   40    2
  16   17   40    1
  16   66   25    1
  16    3   28    2
  16    4   25    2
  16   65   33    1
  17   16   40    1
  17   45   33    2
  17   54   50    1
  17   53   33    2
  18    1   50    1
  18   10   50    1
  18    5   40    1
  18   22   50    1
  19    8   28    1
  19   38   40    1
  20   33   50    1
  20   22    7    8
  20   71   50    1
  21   24   50    1
  21   49   20    1
  21   44   25    3
  22    1   50    1
  22    2    7    7
  22   67    8    7
  22    5   40    1
  22   71   10    8
  22   40   50    1
  22   41   50    2
  22   10   50    1
  22   11   50    1
  22   18   50    1
  22   20    7    8
  23    9   33    2
  23   59   50    1
  23   38    6   11
  24   12   33    1
  24   21   50    1
  24   55    4   21
  25    0   40   43
  25   45   40    2
  25   54   40    1
  26   44   25   29
  26   37   50    3
  26   47   50   29
  27   44   22   29
  27   37   18    3
  27   47   40   29
  28   44   25   29
  28   47   50   29
  29   50   18    1
  29   67   40    2
  29   47   40    2
  30   67    5    7
  30   38   28    8
  30   39   33    1
  30   42   50    1
  30   12   13    6
  30   56   40    6
  31   64   33    4
  31    9   50    1
  31   13    6   11
  31   63   20    4
  32   41   40    1
  32   51   11   15
  32    5   50    2
  32   46   16   15
  33   48   20    3
  33   34   50    1
  33   20   50    1
  34   48   50    3
  34   33   50    1
  34   71   14    1
  35   66   25    1
  35    3   40    2
  35   68   25    1
  35   69   50    1
  35    7   50    1
  35   55   18    1
  36   56   12    1
  36   50   20   10
  37   26   50    3
  37   27   18    3
  38    8   50    1
  38   19   40    1
  38   59    7   11
  38   30   28    8
  38   23    6   11
  39   42   25    1
  39   12   22    6
  39   30   33    1
  40    5   28    1
  40   22   50    1
  41    8   14    8
  41   32   40    1
  41   22   50    2
  42   30   50    1
  42   39   25    1
  43   48   25    1
  43   47   33    1
  44    2   50    1
  44   67   50    1
  44   47   50    2
  44   50   20    2
  44   21   25    3
  44   26   25   29
  44   27   22   29
  44   28   25   29
  45   17   33    2
  45   15   40    1
  45   14   50    1
  45   25   40    2
  46   32   16   15
  46   51   50    1
  47   43   33    1
  47   44   50    2
  47   48   50    1
  47   26   50   29
  47   27   40   29
  47   28   50   29
  47   29   40    2
  48   33   20    3
  48   34   50    3
  48   67   50    2
  48   43   25    1
  48   47   50    1
  49   50   25    3
  49   52   50    1
  49   21   20    1
  50   67   12    2
  50   36   20   10
  50   44   20    2
  50   49   25    3
  50   52   50    3
  50   29   18    1
  51   32   11   15
  51   46   50    1
  51   55   14    7
  52   49   50    1
  52   50   50    3
  53    0   50   44
  53   17   33    2
  53   66   40    2
  53    6   16    1
  54   66   28    1
  54    3   50    2
  54   69   18    1
  54   17   50    1
  54   55   50    1
  54   25   40    1
  54   63   22    1
  55   65   22    1
  55   35   18    1
  55    6   50    2
  55   51   14    7
  55   54   50    1
  55   24    4   21
  56   36   12    1
  56   30   40    6
  57    9   50    2
  57   59   33    1
  58    9   33    2
  58   59   50    1
  58   61   33    1
  59   38    7   11
  59    8    5   11
  59   23   50    1
  59   57   33    1
  59   58   50    1
  59   61   50    1
  59   62   25    1
  60   65   40    1
  60   66   40    1
  60   15   40    2
  60    4   22    2
  60   63   22    1
  61   58   33    1
  61   59   50    1
  62    9   50    2
  62   59   25    1
  62   63   10    4
  63   65   50    1
  63   66   33    1
  63   70   40   43
  63   54   22    1
  63   60   22    1
  63   62   10    4
  63   31   20    4
  64   65   20    1
  64   31   33    4
  65   64   20    1
  65    8    6   13
  65    9   11    4
  65   15   50    2
  65   16   33    1
  65   55   22    1
  65   60   40    1
  65   63   50    1
  66   35   25    1
  66    9   16    4
  66   16   25    1
  66   53   40    2
  66   54   28    1
  66   60   40    1
  66   63   33    1
  67    2   50    1
  67   44   50    1
  67   48   50    2
  67   50   12    2
  67   22    8    7
  67   29   40    2
  67   30    5    7
  68   35   25    1
  68   15   50    2
  69   35   50    1
  69   14   50    2
  69   54   18    1
  70    0   50    1
  70   63   40   43
  71   34   14    1
  71   20   50    1
  71   22   10    8
