 129
   0  128   50    4
   0  124   25    4
   0  125   40    4
   1   41   28    1
   1   10   22    7
   1   43   50    1
   1  110   15    8
   1  116   33    1
   1   92   28   11
   2   23   22    1
   2    4   28    1
   2  101   16    2
   2  127   33    1
   3   41   50    1
   3   53   20   11
   4  128   28    1
   4    2   28    1
   4   76   28    1
   4  125   50    1
   4  112   50    1
   4  124   18    1
   4   93   28    1
   4  126   28    1
   5   98   50   40
   5   99   18   40
   5   75   20   15
   5   12   33    1
   5   13   33    1
   5  111   40    1
   5  113   40    1
   5   26   50    1
   5   27   50    1
   5   28   25    1
   5   29   12   40
   5   94   25   40
   5  127   25    7
   6  113   50    1
   6   98   28   40
   6   99   12   40
   6   28   40    1
   6  127   18    7
   7   32   16    6
   7    8   50    1
   8   32   33    6
   8  104   33    6
   8    7   50    1
   8  102   33    6
   8  103   50    6
   9   41   25    7
   9   92   50    6
   9   69   16    1
   9   89   10    8
  10    1   22    7
  10   69   50    1
  10   15   28    7
  10   53   25    6
  10   90   22    8
  10   91   14    6
  11   41   28    7
  11   92   22    6
  11   69   40    1
  11   89   25    8
  12   96   22   40
  12  122   14   40
  12   28   33    1
  12    5   33    1
  13   96   22   40
  13   97   25   40
  13   28   50    1
  13    5   33    1
  14   48   50   45
  14   57   25   45
  14   59   50   45
  14   47   22   45
  15   41   40    1
  15   10   28    7
  15   43   33    1
  15  110   18    8
  15  116   33    1
  15   92   40   11
  16   33   22    5
  16   34   50    5
  16   70   25    1
  16   72   50    1
  16  106   20    3
  16   80   33    4
  16   17   20    1
  16   82   25    4
  16   20   33    1
  17   83   11    4
  17   71   50    1
  17   73   50    1
  17  108   25    3
  17   16   20    1
  17   81   22    4
  17   19   15    1
  17   20   33    1
  18   84   11    2
  18   58   50    1
  18   63   50    2
  18   60   50    1
  18  127   50    1
  19   34   40    5
  19   70   18    1
  19   72   28    1
  19  106   15    3
  19   78   22    4
  19   80   13    4
  19   17   15    1
  19   20   22    1
  19   55   14    4
  20   16   33    1
  20   17   33    1
  20   19   22    1
  21   91   28    3
  21   53   28    3
  21   30   40    3
  22   58   33    1
  22  127   50    1
  22   60   33    1
  22   63   33    2
  23    2   22    1
  23   76   28    1
  23  125   50    1
  23  112   25    1
  23   93   22    1
  23  126   22    1
  24  128   50    1
  24   37   20   21
  24   28   25    7
  24   76   33    1
  24   44   20    2
  24  109   33   21
  24  110   25   16
  24   45   15    2
  24  112   28    1
  24  125   28    1
  24   46   16    2
  24  124   50    1
  24   93   33    1
  24  126   50    1
  25   58   33    1
  25  127   50    1
  25   60   33    1
  25   63   33    2
  26   96   15   40
  26   97   20   40
  26    5   50    1
  26   50   12   40
  26   53   11   20
  26   28   50    1
  27   96   18   40
  27   97   20   40
  27   98   20   40
  27    5   50    1
  27   50   12   40
  27   28   50    1
  28    5   25    1
  28    6   40    1
  28   12   33    1
  28   13   50    1
  28  110   25   15
  28  111   28    1
  28  113   40    1
  28  118   40   21
  28   24   25    7
  28   26   50    1
  28   27   50    1
  28   94   33   40
  28   95   20   40
  29   50   50    1
  29    5   12   40
  30   32   50    1
  30   66   50    1
  30   37   33    1
  30  102   33    1
  30  103   25    1
  30  104   33    1
  30  109   33    1
  30   21   40    3
  30   31   50    1
  30   92   50    2
  30  117   25    3
  31   66   33    1
  31   37   50    1
  31  102   50    1
  31  103   50    1
  31  104   50    1
  31  109   50    1
  31   53   50    2
  31   54   20    1
  31   91   33    2
  31  118   28    3
  31   30   50    1
  32    8   33    6
  32    7   16    6
  32  109   33    1
  32   30   50    1
  32  103   33    1
  33   16   22    5
  33   35   13    1
  33   62   20    6
  34   16   50    5
  34   19   40    5
  34   35   50    1
  35   33   13    1
  35   34   50    1
  36  128   20    1
  36  120   14    4
  36  124   12    1
  36  125   13    1
  36  127   33    1
  37   24   20   21
  37  104   50    1
  37   30   33    1
  37   31   50    1
  38   57   33    1
  38   49   20    1
  39   77   18    1
  39   48   33    1
  39   49   18    1
  39  118   20   29
  39   57   40    1
  39   62   40    1
  40  114   28    1
  40  115   50    1
  41    1   28    1
  41    3   50    1
  41    9   25    7
  41   11   28    7
  41   15   40    1
  41   43   40    1
  41   75   20    8
  41  116   40    1
  41   53   33   11
  42   79   40    1
  42   84   50    1
  42   85   25    1
  42   63   15    1
  43    1   50    1
  43   15   33    1
  43   41   40    1
  44   24   20    2
  44   88   13    2
  44  101   25    1
  45   24   15    2
  45   88   14    2
  45  101   28    1
  46   24   16    2
  46   88    7    2
  46  101   25    1
  47   57   28    1
  47   59   18    1
  47   14   22   45
  47   49   22    1
  48   59   40    1
  48   14   50   45
  48   62   22    1
  48   39   33    1
  49   38   20    1
  49   39   18    1
  49   78   28    3
  49   47   22    1
  49   59   20    1
  49   61   20    1
  50   98   50    1
  50   99   22    1
  50   26   12   40
  50   27   12   40
  50   29   50    1
  50   94   20    1
  50   95   25    1
  51  128   16    1
  51  124   33    1
  51  101   14    2
  52  112   13    2
  52   76   14    2
  52   93   11    2
  52  126   14    2
  52  127   33    2
  53    3   20   11
  53  100   16   31
  53   31   50    2
  53   41   33   11
  53   10   25    6
  53   75   25    6
  53   76   20   21
  53   77   12   31
  53   78    8   32
  53  109   14    2
  53  112   13   21
  53  114    4   37
  53   21   28    3
  53   62   25   31
  53   26   11   20
  53   91   25    1
  53   92   50    1
  53   93   14   21
  53  126   12   21
  53  117   12    3
  54  117   50    3
  54   31   20    1
  55   80   22    1
  55   57   16    3
  55   83   25    1
  55   86   15    1
  55   19   14    4
  56  128   50    1
  56  124   25    1
  56  125   40    1
  57   38   33    1
  57   39   40    1
  57   78    9    3
  57   47   28    1
  57   14   25   45
  57   55   16    3
  57   59   33    1
  57   61   50    1
  58   25   33    1
  58   18   50    1
  58   22   33    1
  59   77   25    1
  59   14   50   45
  59   47   18    1
  59   48   40    1
  59   49   20    1
  59  118   15   29
  59   57   33    1
  59   62   50    1
  60   25   33    1
  60   18   50    1
  60   22   33    1
  61   49   20    1
  61  107   25    3
  61  108   15    3
  61   81   16    3
  61   83   11    3
  61  117   50   29
  61   57   50    1
  61   62   50    1
  62   64   25    3
  62   33   20    6
  62   91   20   31
  62  100   50    1
  62   39   40    1
  62  106   28    3
  62  107   16    3
  62   77   33    1
  62   48   22    1
  62   81   12    3
  62   53   25   31
  62   59   50    1
  62  123   11    3
  62   61   50    1
  63   25   33    2
  63   18   50    2
  63   42   15    1
  63   22   33    2
  63   79   20    1
  64   80   28    1
  64   62   25    3
  65   81   50    1
  65   83   16    1
  66   30   50    1
  66   31   33    1
  67  128   50    1
  67  125   40    1
  67  101   11    2
  68  128   10    1
  68  124   16    1
  68  101   33    2
  69    9   16    1
  69   10   50    1
  69   11   40    1
  70   16   25    1
  70  114   50    5
  70   19   18    1
  70   71   33    1
  71  115   40    5
  71   17   50    1
  71  107   10    3
  71   70   33    1
  72   16   50    1
  72   19   28    1
  73   17   50    1
  73  107   10    3
  74  128   20    1
  74  124   20    1
  74  125   22    1
  74  101   14    2
  75    5   20   15
  75   41   20    8
  75  110   50    1
  75  116   22    8
  75   53   25    6
  75  118   28    7
  75   91   10    6
  75  126   12   16
  76    4   28    1
  76  101   16    2
  76   79   16    2
  76   52   14    2
  76   53   20   21
  76   23   28    1
  76   24   33    1
  76  116   22   13
  76   91   25   21
  76   85   28    2
  77   59   25    1
  77   53   12   31
  77   62   33    1
  77   39   18    1
  78   19   22    4
  78   49   28    3
  78   80   33    1
  78   81   13    1
  78   83   40    1
  78   53    8   32
  78   86   50    1
  78   57    9    3
  79   42   40    1
  79   76   16    2
  79  112   18    2
  79   93   16    2
  79  126   16    2
  79   63   20    1
  80   64   28    1
  80  106   33    4
  80   78   33    1
  80   16   33    4
  80   81   28    1
  80   19   13    4
  80   86   33    1
  80   55   22    1
  81   65   50    1
  81  107   50    4
  81  108   11    4
  81   78   13    1
  81   80   28    1
  81   17   22    4
  81   61   16    3
  81   62   12    3
  82   16   25    4
  82   86   25    1
  83   65   16    1
  83  107   16    4
  83  108    8    4
  83   78   40    1
  83   17   11    4
  83   55   25    1
  83   61   11    3
  84   18   11    2
  84   42   50    1
  84   85   50    1
  85   42   25    1
  85   76   28    2
  85  112   33    2
  85   84   50    1
  85   93   28    2
  85  126   28    2
  86   80   33    1
  86   82   25    1
  86   78   50    1
  86   55   15    1
  87   88   40    1
  87  127   25    2
  88   44   13    2
  88   45   14    2
  88   46    7    2
  88   87   40    1
  89    9   10    8
  89   90   50    1
  89   11   25    8
  89  117   22    1
  89  118   50    1
  90   89   50    1
  90   10   22    8
  90  117   40    1
  91   21   28    3
  91   10   14    6
  91   75   10    6
  91   76   25   21
  91  109   33    2
  91  112   22   21
  91   53   25    1
  91   62   20   31
  91   92   25    1
  91   93   25   21
  91  126   25   21
  91   31   33    2
  92    1   28   11
  92    9   50    6
  92   11   22    6
  92   15   40   11
  92   53   50    1
  92   91   25    1
  92   30   50    2
  93    4   28    1
  93  101   12    2
  93   79   16    2
  93   52   11    2
  93   53   14   21
  93   23   22    1
  93   24   33    1
  93  116   28   13
  93   91   25   21
  93   85   28    2
  94   96   28    1
  94   97   50    1
  94   98   50    1
  94   99   13    1
  94    5   25   40
  94   50   20    1
  94  122   14    1
  94   28   33   40
  95   96   40    1
  95   50   25    1
  95  122   20    1
  95   28   20   40
  95   98   33    1
  96   12   22   40
  96   13   22   40
  96  111   25   40
  96  119   16    1
  96   26   15   40
  96   27   18   40
  96   94   28    1
  96   95   40    1
  97   26   20   40
  97   27   20   40
  97   13   25   40
  97   94   50    1
  98    5   50   40
  98    6   28   40
  98   50   50    1
  98  119   18    1
  98   27   20   40
  98   94   50    1
  98   95   33    1
  99   50   22    1
  99    6   12   40
  99    5   18   40
  99   94   13    1
  99  119   50    1
 100   53   16   31
 100   62   50    1
 101    2   16    2
 101   67   11    2
 101   68   33    2
 101   44   25    1
 101   74   14    2
 101   76   16    2
 101   45   28    1
 101   46   25    1
 101  112   13    2
 101   51   14    2
 101   93   12    2
 102    8   33    6
 102  109   33    1
 102   30   33    1
 102   31   50    1
 103    8   50    6
 103   32   33    1
 103  109   25    1
 103   30   25    1
 103   31   50    1
 104    8   33    6
 104   31   50    1
 104  109   50    1
 104   30   33    1
 104   37   50    1
 105  106   33    1
 105  107   22    1
 105  108   16    1
 106   16   20    3
 106  105   33    1
 106  107   40    1
 106   80   33    4
 106   19   15    3
 106  123   18    1
 106   62   28    3
 107   71   10    3
 107   73   10    3
 107  106   40    1
 107   81   50    4
 107   83   16    4
 107  105   22    1
 107  123   33    1
 107   61   25    3
 107   62   16    3
 108   17   25    3
 108  105   16    1
 108   81   11    4
 108   83    8    4
 108  123   22    1
 108   61   15    3
 109   32   33    1
 109  102   33    1
 109  103   25    1
 109  104   50    1
 109   53   14    2
 109   24   33   21
 109   91   33    2
 109   30   33    1
 109   31   50    1
 110    1   15    8
 110   75   50    1
 110   15   18    8
 110  117   33    7
 110   24   25   16
 110   28   25   15
 111   96   25   40
 111   28   28    1
 111    5   40    1
 112    4   50    1
 112  101   13    2
 112   79   18    2
 112   52   13    2
 112   53   13   21
 112   23   25    1
 112   24   28    1
 112  116   20   13
 112   91   22   21
 112   85   33    2
 113   28   40    1
 113    5   40    1
 113    6   50    1
 114   40   28    1
 114  115   40    1
 114   53    4   37
 114   70   50    5
 115   40   50    1
 115  114   40    1
 115   71   40    5
 116    1   33    1
 116   41   40    1
 116   75   22    8
 116   76   22   13
 116   15   33    1
 116  112   20   13
 116   93   28   13
 116  126   22   13
 117  118   40    1
 117  110   33    7
 117   53   12    3
 117   54   50    3
 117   89   22    1
 117  121   40    1
 117   90   40    1
 117   61   50   29
 117   30   25    3
 118   39   20   29
 118   75   28    7
 118  117   40    1
 118   89   50    1
 118  121   50    1
 118   59   15   29
 118   28   40   21
 118   31   28    3
 119   96   16    1
 119   98   18    1
 119   99   50    1
 119  122   40    1
 120  128   50    4
 120   36   14    4
 121  117   40    1
 121  118   50    1
 122   95   20    1
 122   12   14   40
 122   94   14    1
 122  119   40    1
 123  106   18    1
 123  107   33    1
 123  108   22    1
 123   62   11    3
 124    0   25    4
 124    4   18    1
 124   74   20    1
 124   24   50    1
 124   51   33    1
 124   56   25    1
 124   68   16    1
 124  127   16    1
 124   36   12    1
 125    0   40    4
 125   67   40    1
 125    4   50    1
 125   74   22    1
 125   24   28    1
 125   23   50    1
 125   56   40    1
 125   36   13    1
 125  127   15    1
 126    4   28    1
 126   75   12   16
 126   79   16    2
 126   52   14    2
 126   53   12   21
 126   23   22    1
 126   24   50    1
 126  116   22   13
 126   91   25   21
 126   85   28    2
 127  128   25    1
 127    2   33    1
 127   36   33    1
 127    5   25    7
 127    6   18    7
 127   18   50    1
 127   52   33    2
 127   22   50    1
 127   87   25    2
 127   25   50    1
 127  124   16    1
 127  125   15    1
 128    0   50    4
 128   67   50    1
 128    4   28    1
 128   74   20    1
 128   24   50    1
 128   51   16    1
 128   56   50    1
 128   68   10    1
 128  127   25    1
 128  120   50    4
 128   36   20    1
