 113
   0   97   50    4
   0   98   50    4
   1   12   50    2
   1    6   50    3
   2  105   50    1
   2   28   10    2
   2   70   50    2
   3  112   40    3
   3   57    7   34
   3   36   50    3
   3   37   50    3
   3   79    6   34
   4    8   22    3
   4   16   33    1
   4   18   50    1
   4   47   10    6
   5   16    6    1
   5   54   50    7
   6   16   50    1
   6    1   50    3
   6   15   50    1
   6  103   11    1
   7   41   14   29
   7   36   33    1
   7   37   50    1
   7   79    5   32
   8   41   10    5
   8    4   22    3
   8   13   14    2
   8   47    9    5
   9   41   14    3
   9   10   50    1
   9   47   16    3
  10   39    8   31
  10    9   50    1
  10   11   28    1
  10   48   22    2
  10   54   12    5
  10   57   10    5
  10   58   50    5
  11   10   28    1
  11   38   50    2
  12   80   28    3
  12    1   50    2
  12   73   33    3
  12   79   50    3
  13    8   14    2
  13   74   50    3
  14   48   50    2
  14   47    9    3
  15    6   50    1
  15  104   16    5
  15   73   12    4
  15   47    8    6
  15   17   50    1
  15   63   11    6
  16   98   33    5
  16   99   50    1
  16  100   50    1
  16    5    6    1
  16    6   50    1
  16   45   20    3
  16    4   33    1
  16  101   50    1
  17   97   50    5
  17  102   20    1
  17  103   50    1
  17   15   50    1
  17   18   25    1
  17   60   50    2
  17   94   33    2
  18   32   18    5
  18    4   50    1
  18  104   50    5
  18   47   11    6
  18   17   25    1
  18   54    6    7
  18   91   40    5
  19   41   50    3
  19   47   50    3
  20   59   20    4
  20   87   50    1
  21   34   10    2
  21   68   50    1
  21   69   13    1
  21   70   13    1
  21   73   20    1
  21   74   15    1
  21   75    6    2
  21   44   25    2
  21  109   12    4
  21   79   50    1
  21   80   15    1
  21   86    6    4
  21   24   25    2
  21   25    7    4
  21  106   10    2
  21   30   25    2
  22   97   50    4
  22   98   50    4
  23   97   50    4
  23   98   50    4
  24   27   33    3
  24   28   14    3
  24   21   25    2
  25  109   50    1
  25   21    7    4
  25   85   50    3
  26   96   50    4
  26   84   33    2
  26   85   13    2
  27   69   15    2
  27   70   28    2
  27   71   20    2
  27  105   40    2
  27  106   11    2
  27   44   50    1
  27  109   50    3
  27   48   14    1
  27   82   10    4
  27   24   33    3
  27   95   50    1
  28    2   10    2
  28   68   20    2
  28  106    8    2
  28   75    6    3
  28   44   20    1
  28   34   10    2
  28   50   28    2
  28   51   28    2
  28   52   50    2
  28   66   50    2
  28   24   14    3
  28   92    8    2
  28   93    8    2
  28   53   33    2
  29   32   28    1
  29   33   28    1
  29   41    7    7
  29   74    9    7
  29   46   25    7
  29   47    7    7
  29   80    8    7
  29   79    9    7
  30   67   50    2
  30   21   25    2
  30   31   50    1
  31   30   50    1
  31  110   22    2
  32   40   40    4
  32   18   18    5
  32   91   33    6
  32   29   28    1
  33  104   28    6
  33   40   28    4
  33   91   50    6
  33  108   18    7
  33   29   28    1
  34   28   10    2
  34   21   10    2
  34   70   50    2
  35   97   50    4
  35   98   50    4
  36    7   33    1
  36   41   20   29
  36    3   50    3
  36   39   50    1
  36   47   50   29
  37    7   50    1
  37    3   50    3
  37   47   33   29
  38   64    6    3
  38   48   10    2
  38   11   50    2
  38   46   11    3
  38   47    8    3
  39   10    8   31
  39   36   50    1
  40   32   40    4
  40   33   28    4
  40   41    8    8
  40   46   33    8
  40   54    5   12
  40   55    4   12
  41   65   22    1
  41   36   20   29
  41    7   14   29
  41    8   10    5
  41    9   14    3
  41   48    8    4
  41   40    8    8
  41   19   50    3
  41   52    8    5
  41   73   10    5
  41   56    8    7
  41   29    7    7
  42   49   10    1
  42   69   50    1
  43  104   15    3
  43   47   50    1
  44   28   20    1
  44   66   50    2
  44   27   50    1
  44   68   50    2
  44   21   25    2
  45   16   20    3
  45  102   50    3
  45  103   50    3
  46   40   33    8
  46   65   16    1
  46   29   25    7
  46   38   11    3
  47    4   10    6
  47    8    9    5
  47    9   16    3
  47   14    9    3
  47   15    8    6
  47   18   11    6
  47   19   50    3
  47   29    7    7
  47   36   50   29
  47   37   33   29
  47   38    8    3
  47   43   50    1
  47   48    8    4
  47   52    8    5
  47   54    6    6
  47   55    6    6
  47   56    7    7
  47   57    8    6
  47   58    9    6
  47   63   14    1
  47   65   22    1
  47   73   10    5
  47   74    6    5
  47   79    7    5
  47   80    6    5
  47   90   11    3
  47  112   40   29
  48   38   10    2
  48   41    8    4
  48   10   22    2
  48   14   50    2
  48   47    8    4
  48   50   40    2
  48   51   40    2
  48   52   50    2
  48   53   50    2
  48   27   14    1
  48   61   16    5
  48   62   40    5
  49   73   25    1
  49   42   10    1
  49   79   50    1
  49   80   28    1
  49   81    6    1
  49   74   18    1
  50   48   40    2
  50   78   40    1
  50   79   28    1
  50   80   25    1
  50   54   10    5
  50   28   28    2
  51   48   40    2
  51   28   28    2
  51   79   40    1
  52   41    8    5
  52   78   33    1
  52   47    8    5
  52   48   50    2
  52   54    9    5
  52   55    9    5
  52   79   50    1
  52   28   50    2
  53   48   50    2
  53  104   16    4
  53   73   33    1
  53   74   28    1
  53   78   50    1
  53   79   50    1
  53   80   28    1
  53   91   18    4
  53   28   33    2
  54   65    5    6
  54    5   50    7
  54   40    5   12
  54   10   12    5
  54  107   14    4
  54   50   10    5
  54   47    6    6
  54   18    6    7
  54   52    9    5
  54   56    6    5
  54   61   40    1
  55   65    5    6
  55   40    4   12
  55  107   22    4
  55   79    8    5
  55   52    9    5
  55   47    6    6
  55   61   50    1
  55   62    9    1
  56   41    8    7
  56   74   22    4
  56   79   33    4
  56   80   28    4
  56   54    6    5
  56   73   33    4
  56   47    7    7
  57    3    7   34
  57   10   10    5
  57  107   25    4
  57   47    8    6
  57   61   22    1
  57   62   25    1
  58   10   50    5
  58  107   20    4
  58   61   15    1
  58   47    9    6
  59  107   50    1
  59   20   20    4
  60   17   50    2
  60  100   50    2
  61   55   50    1
  61   48   16    5
  61   54   40    1
  61   87   40    4
  61   57   22    1
  61   58   15    1
  62   48   40    5
  62   57   25    1
  62   55    9    1
  62   87   16    4
  63   91   50    3
  63  104   40    3
  63   47   14    1
  63   74   12    5
  63   79   13    5
  63   80   12    5
  63   15   11    6
  64  104   50    3
  64   38    6    3
  65  104   50    3
  65   41   22    1
  65   46   16    1
  65   47   22    1
  65   54    5    6
  65   55    5    6
  66   28   50    2
  66   67   50    1
  66   44   50    2
  67   66   50    1
  67   30   50    2
  68   69   18    1
  68   70   18    1
  68   72   14    1
  68   44   50    2
  68   21   50    1
  68   28   20    2
  69   68   18    1
  69   71   40    1
  69   42   50    1
  69   81   50    1
  69   21   13    1
  69   27   15    2
  70   34   50    2
  70   68   18    1
  70   71   40    1
  70  106   50    2
  70    2   50    2
  70   21   13    1
  70   27   28    2
  70   92   50    1
  70   93   50    1
  71   72   50    1
  71   27   20    2
  71   69   40    1
  71   70   40    1
  71   95   50    2
  72   68   14    1
  72   71   50    1
  73  104   25    4
  73   41   10    5
  73   12   33    3
  73   47   10    5
  73   49   25    1
  73   21   20    1
  73  108   50    3
  73   56   33    4
  73   88   33    4
  73   90   50    4
  73   15   12    4
  73   53   33    1
  74   13   50    3
  74   47    6    5
  74   49   18    1
  74   53   28    1
  74   56   22    4
  74   89   25    4
  74   21   15    1
  74   29    9    7
  74   63   12    5
  75   28    6    3
  75   21    6    2
  75  110   20    2
  75  111   50    2
  76   97   50    4
  76   98   50    4
  77   97   50    4
  77   98   50    4
  78   50   40    1
  78   52   33    1
  78   53   50    1
  79    3    6   34
  79    7    5   32
  79   12   50    3
  79   47    7    5
  79   49   50    1
  79   50   28    1
  79   51   40    1
  79   52   50    1
  79   21   50    1
  79   55    8    5
  79   56   33    4
  79   89   28    4
  79   53   50    1
  79   29    9    7
  79   63   13    5
  80   12   28    3
  80   47    6    5
  80   49   28    1
  80   50   25    1
  80   21   15    1
  80   56   28    4
  80   89   25    4
  80   53   28    1
  80   29    8    7
  80   63   12    5
  81   49    6    1
  81   69   50    1
  82   96   16    4
  82   27   10    4
  82   85   40    1
  82  111   33    4
  83   96   50    4
  83   85   15    1
  84   26   33    2
  84   86   50    1
  85   25   50    3
  85   26   13    2
  85   83   15    1
  85   82   40    1
  86   96   20    4
  86   84   50    1
  86   21    6    4
  86  111   50    4
  87   20   50    1
  87   61   40    4
  87   62   16    4
  88   73   33    4
  88   91   40    1
  89   80   25    4
  89   74   25    4
  89   91   50    1
  89   79   28    4
  90  104   50    1
  90   73   50    4
  90   91   40    1
  90   47   11    3
  91   32   33    6
  91   33   50    6
  91   18   40    5
  91   53   18    4
  91   88   40    1
  91   89   50    1
  91   90   40    1
  91   63   50    3
  92   28    8    2
  92   70   50    1
  93   28    8    2
  93   70   50    1
  94   17   33    2
  94   99   50    2
  94  100   50    2
  94  101   50    2
  95   27   50    1
  95   71   50    2
  96   26   50    4
  96   83   50    4
  96   82   16    4
  96   86   20    4
  97    0   50    4
  97   35   50    4
  97  100   50    5
  97  101   50    5
  97   76   50    4
  97   77   50    4
  97   17   50    5
  97   99   50    5
  97   22   50    4
  97   23   50    4
  98    0   50    4
  98   35   50    4
  98   76   50    4
  98   77   50    4
  98   16   33    5
  98   22   50    4
  98   23   50    4
  99   16   50    1
  99   97   50    5
  99   94   50    2
 100   16   50    1
 100   97   50    5
 100   60   50    2
 100   94   50    2
 101   16   50    1
 101   97   50    5
 101   94   50    2
 102   17   20    1
 102   45   50    3
 103   17   50    1
 103   45   50    3
 103    6   11    1
 104   64   50    3
 104   33   28    6
 104   65   50    3
 104   73   25    4
 104   43   15    3
 104   15   16    5
 104   18   50    5
 104   53   16    4
 104   90   50    1
 104   63   40    3
 105    2   50    1
 105   27   40    2
 106   27   11    2
 106   28    8    2
 106   21   10    2
 106   70   50    2
 107   57   25    4
 107   58   20    4
 107   59   50    1
 107   54   14    4
 107   55   22    4
 108   33   18    7
 108   73   50    3
 109   25   50    1
 109   27   50    3
 109   21   12    4
 110   31   22    2
 110   75   20    2
 110  111   50    1
 111   82   33    4
 111   75   50    2
 111   86   50    4
 111  110   50    1
 112    3   40    3
 112   47   40   29
