  50
   0    1   50    1
   0   36   14    4
   1    0   50    1
   1   17   50    6
   1   34   50    4
   2   10   50    1
   2   35   25    1
   3   32   50    3
   3   11   33    2
   3   45   33    7
   3   46   33    5
   3   47   20    8
   3   16   33    2
   3   26   50    1
   3   31   33    4
   4   28   33    1
   4   18   50    1
   4   12   33    1
   4   15   50    1
   5   40   50   15
   5   29   50   15
   6   28   50    1
   6   18   50    1
   6   12   33    1
   6   15   50    1
   7   10   50    1
   7   35   25    1
   8   43   28    1
   8   14   40    1
   8   17   50    1
   8   22   40    1
   8   25   40    1
   8   28   50    4
   9   33   50    1
   9   44   50    1
  10    2   50    1
  10   35   50    1
  10   37   25    1
  10    7   50    1
  10   48   50    5
  10   26   50    5
  11    3   33    2
  11   13   50    2
  12   35   50    5
  12    4   33    1
  12    6   33    1
  12   15   25    1
  12   48   25    1
  12   18   25    1
  12   27   33    1
  12   28   50    1
  13   32   33    3
  13   11   50    2
  13   45   50    7
  13   46   50    5
  13   47   50    8
  13   16   50    2
  13   20   28    1
  13   31   50    4
  14    8   40    1
  14   22   50    1
  15   34   25    1
  15    4   50    1
  15    6   50    1
  15   12   25    1
  15   18   50    1
  15   36   50    1
  15   27   50    1
  15   28   50    1
  16    3   33    2
  16   13   50    2
  17    8   50    1
  17    1   50    6
  17   22   28    1
  18   34   25    1
  18    4   50    1
  18    6   50    1
  18   12   25    1
  18   15   50    1
  18   36   50    1
  18   27   50    1
  18   28   50    1
  19   38   50    1
  19   39   50    1
  19   41   33    1
  19   42   33    1
  19   44   50   12
  19   24   50    1
  20   26   40    1
  20   35   40    5
  20   13   28    1
  20   30   28    1
  20   23   50    1
  21   33   50    1
  21   44   50    1
  22   35   40    3
  22   17   28    1
  22    8   40    1
  22   43   50    1
  22   14   50    1
  22   49   50    1
  22   25   25    1
  23   26   22    1
  23   20   50    1
  24   19   50    1
  24   38   50    1
  25    8   40    1
  25   49   50    1
  25   22   25    1
  26   10   50    5
  26    3   50    1
  26   20   40    1
  26   30   50    1
  26   23   22    1
  27   12   33    1
  27   18   50    1
  27   28   33    1
  27   15   50    1
  28   34   50    1
  28    4   33    1
  28    6   50    1
  28    8   50    4
  28   12   50    1
  28   44   20    5
  28   15   50    1
  28   48   25    1
  28   18   50    1
  28   36   50    1
  28   27   33    1
  29   33   50    1
  29    5   50   15
  30   26   50    1
  30   20   28    1
  31    3   33    4
  31   13   50    4
  32    3   50    3
  32   13   33    3
  33   38   50   12
  33    9   50    1
  33   44   50    1
  33   48   50    5
  33   21   50    1
  33   29   50    1
  34    1   50    4
  34   18   25    1
  34   28   50    1
  34   15   25    1
  35    2   25    1
  35   37   50    1
  35    7   25    1
  35   10   50    1
  35   12   50    5
  35   20   40    5
  35   22   40    3
  36    0   14    4
  36   18   50    1
  36   28   50    1
  36   15   50    1
  37   10   25    1
  37   35   50    1
  38   33   50   12
  38   39   50    1
  38   40   50    1
  38   41   50    1
  38   42   50    1
  38   19   50    1
  38   24   50    1
  39   19   50    1
  39   38   50    1
  40    5   50   15
  40   38   50    1
  41   19   33    1
  41   38   50    1
  42   19   33    1
  42   38   50    1
  43    8   28    1
  43   22   50    1
  44    9   50    1
  44   19   50   12
  44   28   20    5
  44   21   50    1
  44   33   50    1
  45    3   33    7
  45   13   50    7
  46    3   33    5
  46   13   50    5
  47    3   20    8
  47   13   50    8
  48   12   25    1
  48   10   50    5
  48   28   25    1
  48   33   50    5
  49   25   50    1
  49   22   50    1
